Year,Team,Goals_for_h,Goals_against_a,GPh,HW,HD,HL,HPTS,hwinvalue,Goals_against_h,Goals_for_a,GPa,AW,AD,AL,APTS,awinvalue,PTS,GF,GA,W,D,L,WV,GP,win_pct,pyth
1993,Arsenal,25,20,21,8,6,7,30,11.0,18,15,21,7,5,9,26,9.5,56,43,35,15,13,16,20.5,42,0.35714285714285715,0.6014964216005205
1993,Aston Villa,36,16,21,13,5,3,44,15.5,24,21,21,8,6,7,30,11.0,74,60,37,21,13,10,26.5,42,0.5,0.7244918494666935
1993,Blackburn,38,18,21,13,4,4,43,15.0,28,30,21,7,7,7,28,10.5,71,66,48,20,11,11,25.5,42,0.47619047619047616,0.654054054054054
1993,Chelsea,29,22,21,9,7,5,34,12.5,32,22,21,5,7,9,22,8.5,56,61,44,14,12,14,21.0,42,0.3333333333333333,0.6577691355842319
1993,Coventry City,29,28,21,7,4,10,25,9.0,27,21,18,5,8,5,23,9.0,48,56,49,12,9,15,18.0,39,0.3076923076923077,0.5663716814159292
1993,Crystal Palace,27,25,21,6,9,6,27,10.5,36,21,21,5,7,9,22,8.5,49,63,46,11,14,15,19.0,42,0.2619047619047619,0.6522596548890714
1993,Everton,26,27,21,7,6,8,27,10.0,28,27,21,8,2,11,26,9.0,53,54,54,15,14,19,19.0,42,0.35714285714285715,0.5
1993,Ipswich Town,29,22,21,8,9,4,33,12.5,33,21,21,4,7,10,19,7.5,52,62,43,12,13,14,20.0,42,0.2857142857142857,0.6752151765325839
1993,Leeds United,40,17,21,12,8,1,44,16.0,45,17,21,0,7,14,7,3.5,51,85,34,12,8,15,19.5,42,0.2857142857142857,0.8620689655172413
1993,Liverpool,41,18,21,13,4,4,43,15.0,37,21,21,3,7,11,16,6.5,59,78,39,16,7,15,21.5,42,0.38095238095238093,0.8
1993,Manchester City,30,25,21,7,8,6,29,11.0,26,26,21,8,4,9,28,10.0,57,56,51,15,16,15,21.0,42,0.35714285714285715,0.5466271570507234
1993,Manchester Utd,39,14,21,14,5,2,47,16.5,17,28,21,10,7,4,37,13.5,84,56,42,24,15,6,30.0,42,0.5714285714285714,0.64
1993,Middlesbrough,33,27,21,8,5,8,29,10.5,48,21,21,3,6,12,15,6.0,44,81,48,11,8,20,16.5,42,0.2619047619047619,0.7401015228426396
1993,Norwich City,31,19,21,13,6,2,45,16.0,46,30,21,8,3,10,27,9.5,72,77,49,21,14,12,25.5,42,0.5,0.711764705882353
1993,Nott'ham Forest,17,25,21,6,4,11,22,8.0,37,24,21,4,6,11,18,7.0,40,54,49,10,8,22,15.0,42,0.23809523809523808,0.54842956554448
1993,Oldham Athletic,43,30,21,10,6,5,36,13.0,44,20,21,3,4,14,13,5.0,49,87,50,13,9,19,18.0,42,0.30952380952380953,0.7517131790644552
1993,QPR,41,32,21,11,5,5,38,13.5,23,22,21,6,7,8,25,9.5,63,64,54,17,11,13,23.0,42,0.40476190476190477,0.5841414717626925
1993,Sheffield Utd,33,19,21,10,6,5,36,13.0,34,21,21,4,4,13,16,6.0,52,67,40,14,10,18,19.0,42,0.3333333333333333,0.7372310724256856
1993,Sheffield Weds,34,26,21,9,8,4,35,13.0,25,21,21,6,6,9,24,9.0,59,59,47,15,14,13,22.0,42,0.35714285714285715,0.6117750439367311
1993,Southampton,30,21,21,10,6,5,36,13.0,40,24,21,3,5,13,14,5.5,50,70,45,13,9,18,18.5,42,0.30952380952380953,0.7075812274368231
1993,Tottenham,40,25,21,11,5,5,38,13.5,41,20,21,5,6,10,21,8.0,59,81,45,16,10,15,21.5,42,0.38095238095238093,0.7641509433962265
1993,Wimbledon,32,23,21,9,4,8,31,11.0,32,24,21,5,8,8,23,9.0,54,64,47,14,9,16,20.0,42,0.3333333333333333,0.6496431403647899
1994,Arsenal,25,15,21,10,8,3,38,14.0,11,28,20,8,9,3,33,12.5,71,36,43,18,16,6,26.5,41,0.43902439024390244,0.4120826709062003
1994,Aston Villa,15,17,17,5,4,8,19,7.0,32,23,21,7,7,7,28,10.5,47,47,40,12,11,15,17.5,38,0.3157894736842105,0.579942242058283
1994,Blackburn,31,11,21,14,5,2,47,16.5,25,32,21,11,4,6,37,13.0,84,56,43,25,16,8,29.5,42,0.5952380952380952,0.6290872617853561
1994,Chelsea,27,16,19,10,5,4,35,12.5,33,18,21,2,7,12,13,5.5,48,60,34,12,7,16,18.0,40,0.3,0.7569386038687973
1994,Coventry City,23,17,21,9,7,5,34,12.5,28,20,21,5,7,9,22,8.5,56,51,37,14,12,14,21.0,42,0.3333333333333333,0.6551637279596977
1994,Everton,18,25,17,6,2,9,20,7.0,33,16,21,4,4,13,16,6.0,36,51,41,10,6,22,13.0,38,0.2631578947368421,0.6074264362447455
1994,Ipswich Town,21,32,21,5,8,8,23,9.0,26,14,21,4,8,9,20,8.0,43,47,46,9,12,17,17.0,42,0.21428571428571427,0.5107514450867052
1994,Leeds United,37,18,21,13,6,2,45,16.0,21,28,21,5,10,6,25,10.0,70,58,46,18,11,8,26.0,42,0.42857142857142855,0.6138686131386861
1994,Liverpool,33,23,21,12,4,5,40,14.0,30,25,20,5,5,10,20,7.5,60,63,48,17,9,15,21.5,41,0.4146341463414634,0.6327116212338594
1994,Manchester City,24,22,21,6,10,5,28,11.0,26,13,20,3,7,10,16,6.5,44,50,35,9,13,15,17.5,41,0.21951219512195122,0.6711409395973155
1994,Manchester Utd,39,13,21,14,6,1,48,17.0,21,36,19,12,4,3,40,14.0,88,60,49,26,18,4,31.0,40,0.65,0.5999000166638894
1994,Newcastle Utd,49,14,20,13,4,3,43,15.0,27,31,21,9,4,8,31,11.0,74,76,45,22,13,11,26.0,41,0.5365853658536586,0.7404178951416485
1994,Norwich City,25,28,20,4,8,8,20,8.0,32,39,21,8,8,5,32,12.0,52,57,67,12,16,13,20.0,41,0.2926829268292683,0.41987593693460845
1994,Oldham Athletic,19,30,18,3,7,8,16,6.5,35,18,21,4,5,12,17,6.5,33,54,48,7,11,20,13.0,39,0.1794871794871795,0.5586206896551724
1994,QPR,30,26,20,8,7,5,31,11.5,32,30,21,8,5,8,29,10.5,60,62,56,16,15,13,22.0,41,0.3902439024390244,0.5507163323782235
1994,Sheffield Utd,24,23,21,6,10,5,28,11.0,33,15,19,2,7,10,13,5.5,41,57,38,8,12,15,16.5,40,0.2,0.6923076923076923
1994,Sheffield Weds,48,24,21,10,7,4,37,13.5,28,24,19,5,8,6,23,9.0,60,76,48,15,12,10,22.5,40,0.375,0.7148514851485148
1994,Southampton,30,31,21,9,2,10,29,10.0,30,16,19,3,4,12,13,5.0,42,60,47,12,5,22,15.0,40,0.3,0.6197280082630401
1994,Swindon Town,25,40,20,4,7,9,19,7.5,55,22,21,1,8,12,11,5.0,30,80,62,5,8,21,12.5,41,0.12195121951219512,0.6247559547051933
1994,Tottenham,29,33,21,4,8,9,20,8.0,26,25,21,7,4,10,25,9.0,45,55,58,11,15,19,17.0,42,0.2619047619047619,0.4734700266082329
1994,West Ham,26,31,21,6,7,8,25,9.5,27,21,21,7,6,8,27,10.0,52,53,52,13,14,16,19.5,42,0.30952380952380953,0.5095229457645565
1994,Wimbledon,35,21,21,12,5,4,41,14.5,29,19,20,6,6,8,24,9.0,65,64,40,18,11,12,23.5,41,0.43902439024390244,0.7191011235955056
1995,Arsenal,27,21,21,6,9,6,27,10.5,28,25,21,7,3,11,24,8.5,51,55,46,13,16,17,19.0,42,0.30952380952380953,0.5884069247228165
1995,Aston Villa,27,21,18,6,8,4,26,10.0,32,24,21,5,6,10,21,8.0,47,59,45,11,13,14,18.0,39,0.28205128205128205,0.6322193970214312
1995,Blackburn,54,21,21,17,2,2,53,18.0,18,26,21,10,6,5,36,13.0,89,72,47,27,12,7,31.0,42,0.6428571428571429,0.7012038414716624
1995,Chelsea,25,22,21,7,7,7,28,10.5,33,25,21,6,8,7,26,10.0,54,58,47,13,13,14,20.5,42,0.30952380952380953,0.6036246186972906
1995,Coventry City,23,25,21,7,7,7,28,10.5,37,21,21,5,7,9,22,8.5,50,60,46,12,12,16,19.0,42,0.2857142857142857,0.6298110566829951
1995,Crystal Palace,16,23,21,6,6,9,24,9.0,26,18,21,5,6,10,21,8.0,45,42,41,11,11,19,17.0,42,0.2619047619047619,0.5120464441219158
1995,Everton,31,23,21,8,9,4,33,12.5,28,13,21,3,8,10,17,7.0,50,59,36,11,12,14,19.5,42,0.2619047619047619,0.7287000209336404
1995,Ipswich Town,24,34,21,5,3,13,18,6.5,44,12,18,2,3,13,9,3.5,27,68,46,7,5,26,10.0,39,0.1794871794871795,0.686053412462908
1995,Leeds United,35,15,21,13,5,3,44,15.5,23,24,21,7,8,6,29,11.0,73,58,39,20,12,9,26.5,42,0.47619047619047616,0.6886386898669397
1995,Leicester City,28,37,21,5,6,10,21,8.0,37,15,18,0,5,13,5,2.5,26,65,52,5,6,23,10.5,39,0.1282051282051282,0.6097560975609756
1995,Liverpool,34,12,18,12,4,2,40,14.0,24,27,21,8,6,7,30,11.0,70,58,39,20,12,9,25.0,39,0.5128205128205128,0.6886386898669397
1995,Manchester City,37,28,21,8,7,6,31,11.5,36,16,21,4,6,11,18,7.0,49,73,44,12,11,17,18.5,42,0.2857142857142857,0.7335168616655197
1995,Manchester Utd,42,4,21,16,4,1,52,18.0,24,35,21,10,6,5,36,13.0,88,66,39,26,14,6,31.0,42,0.6190476190476191,0.7411944869831547
1995,Newcastle Utd,46,20,21,14,6,1,48,17.0,27,21,21,6,6,9,24,9.0,72,73,41,20,12,10,26.0,42,0.47619047619047616,0.7601997146932953
1995,Norwich City,27,21,21,8,8,5,32,12.0,33,10,21,2,5,14,11,4.5,43,60,31,10,10,19,16.5,42,0.23809523809523808,0.789300591975444
1995,Nott'ham Forest,36,18,21,12,6,3,42,15.0,25,36,21,10,5,6,35,12.5,77,61,54,22,16,9,27.5,42,0.5238095238095238,0.5606448696700317
1995,QPR,36,26,21,11,3,7,36,12.5,27,24,19,6,6,7,24,9.0,60,63,50,17,9,14,21.5,40,0.425,0.613541505642294
1995,Sheffield Weds,26,26,21,7,7,7,28,10.5,31,23,21,6,5,10,23,8.5,51,57,49,13,13,17,19.0,42,0.30952380952380953,0.5750442477876107
1995,Southampton,33,27,21,8,9,4,33,12.5,34,26,18,4,6,8,18,7.0,51,67,53,12,13,12,19.5,39,0.3076923076923077,0.6151000274047684
1995,Tottenham,32,25,21,10,5,6,35,12.5,33,34,21,6,9,6,27,10.5,62,65,59,16,11,12,23.0,42,0.38095238095238093,0.5482740721515702
1995,West Ham,28,19,21,9,6,6,33,12.0,29,16,21,4,5,12,17,6.5,50,57,35,13,10,18,18.5,42,0.30952380952380953,0.7261957979436746
1995,Wimbledon,26,26,21,9,5,7,32,11.5,39,22,21,6,6,9,24,9.0,56,65,48,15,11,16,20.5,42,0.35714285714285715,0.647112880992495
1996,Arsenal,28,15,17,9,6,2,33,12.0,16,19,19,7,5,7,26,9.5,59,44,34,16,13,9,21.5,36,0.4444444444444444,0.6261319534282018
1996,Aston Villa,32,15,19,11,5,3,38,13.5,19,20,18,7,4,7,25,9.0,63,51,35,18,12,10,22.5,37,0.4864864864864865,0.6798222686879247
1996,Blackburn,44,19,19,14,2,3,44,15.0,26,14,18,3,5,10,14,5.5,58,70,33,17,5,13,20.5,37,0.4594594594594595,0.8181666388378694
1996,Bolton,16,31,19,5,4,10,19,7.0,38,22,18,3,1,14,10,3.5,29,54,53,8,7,24,10.5,37,0.21621621621621623,0.5093449781659388
1996,Chelsea,28,19,18,7,7,4,28,10.5,22,16,19,5,7,7,22,8.5,50,50,35,12,12,11,19.0,37,0.32432432432432434,0.6711409395973155
1996,Coventry City,21,23,18,6,6,6,24,9.0,37,21,19,2,7,10,13,5.5,37,58,44,8,8,16,14.5,37,0.21621621621621623,0.6347169811320754
1996,Everton,34,19,18,9,5,4,32,11.5,25,29,19,7,5,7,26,9.5,58,59,48,16,12,11,21.0,37,0.43243243243243246,0.6017286084701815
1996,Leeds United,21,21,19,8,3,8,27,9.5,33,19,18,4,4,10,16,6.0,43,54,40,12,7,18,15.5,37,0.32432432432432434,0.645704162976085
1996,Liverpool,46,13,19,14,4,1,46,16.0,19,22,17,6,5,6,23,8.5,69,65,35,20,10,7,24.5,36,0.5555555555555556,0.7752293577981652
1996,Manchester City,19,17,18,7,6,5,27,10.0,39,12,19,2,4,13,10,4.0,37,58,29,9,8,18,14.0,37,0.24324324324324326,0.8
1996,Manchester Utd,36,9,19,15,4,0,49,17.0,26,34,18,9,3,6,30,10.5,79,62,43,24,13,6,27.5,37,0.6486486486486487,0.6752151765325839
1996,Middlesbrough,27,24,18,8,3,7,27,9.5,23,8,19,3,7,9,16,6.5,43,50,32,11,6,16,16.0,37,0.2972972972972973,0.7094211123723042
1996,Newcastle Utd,38,9,19,17,1,1,52,17.5,28,28,19,7,5,7,26,9.5,78,66,37,24,8,8,27.0,38,0.631578947368421,0.7608733624454148
1996,Nott'ham Forest,25,16,17,10,5,2,35,12.5,37,21,19,4,7,8,19,7.5,54,62,37,14,9,10,20.0,36,0.3888888888888889,0.7373873009783234
1996,QPR,25,26,19,6,5,8,23,8.5,28,13,18,3,1,14,10,3.5,33,53,39,9,8,22,12.0,37,0.24324324324324326,0.648729792147806
1996,Sheffield Weds,30,31,19,7,5,7,26,9.5,29,17,18,3,4,11,13,5.0,39,59,48,10,8,18,14.5,37,0.2702702702702703,0.6017286084701815
1996,Southampton,17,13,16,7,5,4,26,9.5,34,13,19,2,4,13,10,4.0,36,51,26,9,7,17,13.5,35,0.2571428571428571,0.7937137625877326
1996,Tottenham,26,19,19,9,5,5,32,11.5,17,20,17,6,7,4,25,9.5,57,43,39,15,11,9,21.0,36,0.4166666666666667,0.5486646884272997
1996,West Ham,24,20,18,9,4,5,31,11.0,31,18,19,5,4,10,19,7.0,50,55,38,14,9,15,18.0,37,0.3783783783783784,0.6768852092190647
1996,Wimbledon,27,33,19,5,6,8,21,8.0,37,28,18,5,4,9,19,7.0,40,64,61,10,11,17,15.0,37,0.2702702702702703,0.5239861839580402
1997,Arsenal,36,18,19,10,5,4,35,12.5,14,26,19,9,6,4,33,12.0,68,50,44,19,14,8,24.5,38,0.5,0.563570784490532
1997,Aston Villa,27,13,19,11,5,3,38,13.5,21,20,19,6,5,8,23,8.5,61,48,33,17,11,11,22.0,38,0.4473684210526316,0.6790450928381963
1997,Blackburn,28,23,19,8,4,7,28,10.0,20,14,19,1,11,7,14,6.5,42,48,37,9,5,14,16.5,38,0.23684210526315788,0.627280152463926
1997,Chelsea,33,22,19,9,8,2,35,13.0,33,25,19,7,3,9,24,8.5,59,66,47,16,15,11,21.5,38,0.42105263157894735,0.6635186595582635
1997,Coventry City,19,23,19,4,8,7,20,8.0,31,19,19,5,6,8,21,8.0,41,50,42,9,13,15,16.0,38,0.23684210526315788,0.5863039399624765
1997,Derby County,25,22,19,8,6,5,30,11.0,32,18,16,3,5,8,14,5.5,44,57,40,11,9,13,16.5,35,0.3142857142857143,0.6700350587750051
1997,Everton,24,22,19,7,4,8,25,9.0,35,20,19,3,8,8,17,7.0,42,59,42,10,7,16,16.0,38,0.2631578947368421,0.6636796949475691
1997,Leeds United,15,13,19,7,7,5,28,10.5,25,13,19,4,6,9,18,7.0,46,40,26,11,11,14,17.5,38,0.2894736842105263,0.70298769771529
1997,Leicester City,22,26,19,7,5,7,26,9.5,28,24,19,5,6,8,21,8.0,47,50,50,12,10,15,17.5,38,0.3157894736842105,0.5
1997,Liverpool,38,19,19,10,6,3,36,13.0,18,24,19,9,5,5,32,11.5,68,56,43,19,15,8,24.5,38,0.5,0.6290872617853561
1997,Manchester Utd,38,17,19,12,5,2,41,14.5,27,38,19,9,7,3,34,12.5,75,65,55,21,14,5,27.0,38,0.5526315789473685,0.5827586206896552
1997,Middlesbrough,34,25,19,8,5,6,29,10.5,35,17,19,2,7,10,13,5.5,42,69,42,10,7,16,16.0,38,0.2631578947368421,0.7296551724137931
1997,Newcastle Utd,54,20,19,13,3,3,42,14.5,20,19,19,6,8,5,26,10.0,68,74,39,19,9,8,24.5,38,0.5,0.7826211233385737
1997,Nott'ham Forest,15,27,19,3,9,7,18,7.5,32,16,19,3,7,9,16,6.5,34,47,43,6,12,16,14.0,38,0.15789473684210525,0.5443568260226712
1997,Sheffield Weds,25,16,19,8,10,1,34,13.0,35,25,19,6,5,8,23,8.5,57,60,41,14,16,9,21.5,38,0.3684210526315789,0.6816890740390078
1997,Southampton,32,24,19,6,7,6,25,9.5,32,18,19,4,4,11,16,6.0,41,64,42,10,11,17,15.5,38,0.2631578947368421,0.6989761092150171
1997,Sunderland,20,18,19,7,6,6,27,10.0,35,15,19,3,4,12,13,5.0,40,55,33,10,9,18,15.0,38,0.2631578947368421,0.7352941176470589
1997,Tottenham,19,17,19,8,4,7,28,10.0,34,25,19,5,3,11,18,6.5,46,53,42,13,9,18,16.5,38,0.34210526315789475,0.6142575989503608
1997,West Ham,27,25,19,7,6,6,27,10.0,23,12,19,3,6,10,15,6.0,42,50,37,10,9,16,16.0,38,0.2631578947368421,0.6461617989144481
1997,Wimbledon,28,21,19,9,6,4,33,12.0,25,21,19,6,5,8,23,8.5,56,53,42,15,12,12,20.5,38,0.39473684210526316,0.6142575989503608
1998,Arsenal,40,10,17,13,2,2,41,14.0,23,25,19,8,7,4,31,11.5,72,63,35,21,10,6,25.5,36,0.5833333333333334,0.7641509433962265
1998,Aston Villa,26,24,19,9,3,7,30,10.5,24,23,19,8,3,8,27,9.5,57,50,47,17,11,15,20.0,38,0.4473684210526316,0.5308982798895732
1998,Barnsley,25,35,19,7,4,8,25,9.0,47,12,19,3,1,15,10,3.5,35,72,47,10,7,23,12.5,38,0.2631578947368421,0.7012038414716624
1998,Blackburn,40,26,19,11,4,4,37,13.0,26,17,19,5,6,8,21,8.0,58,66,43,16,9,12,21.0,38,0.42105263157894735,0.7020145044319097
1998,Bolton,25,22,19,7,8,4,29,11.0,35,12,16,1,4,11,7,3.0,36,60,34,8,9,15,14.0,35,0.22857142857142856,0.7569386038687973
1998,Chelsea,37,14,19,13,2,4,41,14.0,29,34,19,7,1,11,22,7.5,63,66,48,20,9,15,21.5,38,0.5263157894736842,0.654054054054054
1998,Coventry City,26,17,19,8,9,2,33,12.5,27,20,19,4,7,8,19,7.5,52,53,37,12,13,10,20.0,38,0.3157894736842105,0.6723312589755864
1998,Crystal Palace,15,39,19,2,5,12,11,4.5,32,22,19,6,4,9,22,8.0,33,47,61,8,11,21,12.5,38,0.21052631578947367,0.37251264755480606
1998,Derby County,33,18,19,12,3,4,39,13.5,31,19,19,4,4,11,16,6.0,55,64,37,16,7,15,19.5,38,0.42105263157894735,0.7494967978042086
1998,Everton,22,22,16,6,5,5,23,8.5,29,16,19,2,8,9,14,6.0,37,51,38,8,7,14,14.5,35,0.22857142857142856,0.6430160692212609
1998,Leeds United,31,21,19,9,5,5,32,11.5,25,26,19,8,3,8,27,9.5,59,56,47,17,13,13,21.0,38,0.4473684210526316,0.5867165575304022
1998,Leicester City,21,15,19,6,10,3,28,11.0,22,29,17,7,4,6,25,9.0,53,43,44,13,17,9,20.0,36,0.3611111111111111,0.4885072655217966
1998,Liverpool,42,16,19,13,2,4,41,14.0,26,26,19,5,9,5,24,9.5,65,68,42,18,7,9,23.5,38,0.47368421052631576,0.7238572323105823
1998,Manchester Utd,42,9,19,13,4,2,43,15.0,17,31,19,10,4,5,34,12.0,77,59,40,23,14,7,27.0,38,0.6052631578947368,0.6851013580003936
1998,Newcastle Utd,19,19,17,6,5,6,23,8.5,24,13,19,3,6,10,15,6.0,38,43,32,9,8,16,14.5,36,0.25,0.6435781413156979
1998,Sheffield Weds,30,26,19,9,5,5,32,11.5,41,22,19,3,3,13,12,4.5,44,71,48,12,8,18,16.0,38,0.3157894736842105,0.6863172226004084
1998,Southampton,28,23,19,10,1,8,31,10.5,32,22,19,4,5,10,17,6.5,48,60,45,14,5,18,17.0,38,0.3684210526315789,0.64
1998,Tottenham,23,22,19,7,8,4,29,11.0,34,21,19,4,3,12,15,5.5,44,57,43,11,12,16,16.5,38,0.2894736842105263,0.6373087485288348
1998,West Ham,34,16,15,11,2,2,35,12.0,38,14,17,2,3,12,9,3.5,44,72,30,13,4,14,15.5,32,0.40625,0.8520710059171598
1998,Wimbledon,18,25,19,5,6,8,21,8.0,21,16,19,5,8,6,23,9.0,44,39,41,10,11,14,17.0,38,0.2631578947368421,0.4750156152404747
1999,Arsenal,34,5,19,14,5,0,47,16.5,12,25,19,8,7,4,31,11.5,78,46,30,22,13,4,28.0,38,0.5789473684210527,0.7015915119363395
1999,Aston Villa,33,28,19,10,3,6,33,11.5,18,18,19,5,7,7,22,8.5,55,51,46,15,8,13,20.0,38,0.39473684210526316,0.5514097943608226
1999,Blackburn,21,24,19,6,5,8,23,8.5,28,17,19,1,9,9,12,5.5,35,49,41,7,6,17,14.0,38,0.18421052631578946,0.5881920627143558
1999,Charlton Ath,20,20,19,4,7,8,19,7.5,33,19,17,4,4,9,16,6.0,35,53,39,8,11,17,13.5,36,0.2222222222222222,0.648729792147806
1999,Chelsea,29,13,19,12,6,1,42,15.0,17,28,19,8,9,2,33,12.5,75,46,41,20,14,3,27.5,38,0.5263157894736842,0.5572820647879905
1999,Coventry City,26,21,19,8,6,5,30,11.0,30,13,19,3,3,13,12,4.5,42,56,34,11,9,18,15.5,38,0.2894736842105263,0.7306616961789375
1999,Derby County,22,19,19,8,7,4,31,11.5,26,18,19,5,6,8,21,8.0,52,48,37,13,12,12,19.5,38,0.34210526315789475,0.627280152463926
1999,Everton,22,12,19,6,8,5,26,10.0,35,20,19,5,2,12,17,6.0,43,57,32,11,13,17,16.0,38,0.2894736842105263,0.7603557219751931
1999,Leeds United,32,9,19,12,5,2,41,14.5,25,30,19,6,8,5,26,10.0,67,57,39,18,11,7,24.5,38,0.47368421052631576,0.6811320754716981
1999,Leicester City,25,25,19,7,6,6,27,10.0,21,15,19,5,7,7,22,8.5,49,46,40,12,11,13,18.5,38,0.3157894736842105,0.5694294940796556
1999,Liverpool,44,24,19,10,5,4,35,12.5,22,22,18,5,4,9,19,7.0,54,66,46,15,10,13,19.5,37,0.40540540540540543,0.673053152039555
1999,Manchester Utd,45,18,19,14,4,1,46,16.0,19,35,19,8,9,2,33,12.5,79,64,53,22,12,3,28.5,38,0.5789473684210527,0.593193338160753
1999,Middlesbrough,25,18,19,7,9,3,30,11.5,36,23,19,5,6,8,21,8.0,51,61,41,12,14,11,19.5,38,0.3157894736842105,0.6888189559422436
1999,Newcastle Utd,26,25,19,7,6,6,27,10.0,29,22,19,4,7,8,19,7.5,46,55,47,11,10,14,17.5,38,0.2894736842105263,0.5779518532670997
1999,Nott'ham Forest,18,31,19,3,7,9,16,6.5,38,17,19,4,2,13,14,5.0,30,56,48,7,11,22,11.5,38,0.18421052631578946,0.5764705882352941
1999,Sheffield Weds,20,15,19,7,5,7,26,9.5,27,21,19,6,2,11,20,7.0,46,47,36,13,11,18,16.5,38,0.34210526315789475,0.6302425106990014
1999,Southampton,29,26,19,9,4,6,31,11.0,38,8,19,2,4,13,10,4.0,41,67,34,11,6,19,15.0,38,0.2894736842105263,0.7952170062001771
1999,Tottenham,28,26,19,7,7,5,28,10.5,24,19,19,4,7,8,19,7.5,47,52,45,11,11,13,18.0,38,0.2894736842105263,0.571791076337492
1999,West Ham,32,26,19,11,3,5,36,12.5,27,14,19,5,6,8,21,8.0,57,59,40,16,8,13,20.5,38,0.42105263157894735,0.6851013580003936
1999,Wimbledon,22,21,19,7,7,5,28,10.5,42,18,19,3,5,11,14,5.5,42,64,39,10,10,16,16.0,38,0.2631578947368421,0.7292148833897099
2000,Arsenal,42,17,19,14,3,2,45,15.5,23,20,15,4,4,7,16,6.0,61,65,37,18,7,9,21.5,34,0.5294117647058824,0.7552735073292813
2000,Aston Villa,23,12,19,8,8,3,32,12.0,23,23,19,7,5,7,26,9.5,58,46,35,15,15,10,21.5,38,0.39473684210526316,0.6333433103861119
2000,Bradford City,26,29,19,6,8,5,26,10.0,39,12,19,3,1,15,10,3.5,36,65,41,9,11,20,13.5,38,0.23684210526315788,0.7153741957331528
2000,Chelsea,35,12,19,12,5,2,41,14.5,22,18,19,6,6,7,24,9.0,65,57,30,18,11,9,23.5,38,0.47368421052631576,0.7830802603036876
2000,Coventry City,38,22,19,12,1,6,37,12.5,32,9,19,0,7,12,7,3.5,44,70,31,12,1,18,16.0,38,0.3157894736842105,0.8360348063470397
2000,Derby County,22,25,19,6,3,10,21,7.5,32,22,19,3,8,8,17,7.0,38,54,47,9,6,18,14.5,38,0.23684210526315788,0.5689756097560975
2000,Everton,36,21,19,7,9,3,30,11.5,28,23,19,5,5,9,20,7.5,50,64,44,12,14,12,19.0,38,0.3157894736842105,0.6790450928381963
2000,Leeds United,29,18,19,12,2,5,38,13.0,25,29,19,9,4,6,31,11.0,69,54,47,21,11,11,24.0,38,0.5526315789473685,0.5689756097560975
2000,Leicester City,31,24,19,10,3,6,33,11.5,31,24,19,6,4,9,22,8.0,55,62,48,16,9,15,19.5,38,0.42105263157894735,0.6252439817826936
2000,Liverpool,28,13,19,11,4,4,37,13.0,17,23,19,8,6,5,30,11.0,67,45,36,19,12,9,24.0,38,0.5,0.6097560975609756
2000,Manchester Utd,57,15,17,14,3,0,45,15.5,29,38,19,13,3,3,42,14.5,87,86,53,27,16,3,30.0,36,0.75,0.7247427731504165
2000,Middlesbrough,23,26,19,8,5,6,29,10.5,26,23,19,6,5,8,23,8.5,52,49,49,14,11,14,19.0,38,0.3684210526315789,0.5
2000,Newcastle Utd,42,20,19,10,5,4,35,12.5,34,21,19,4,5,10,17,6.5,52,76,41,14,9,14,19.0,38,0.3684210526315789,0.7745742255598767
2000,Sheffield Weds,21,23,19,6,3,10,21,7.5,47,17,19,2,4,13,10,4.0,31,68,40,8,5,23,11.5,38,0.21052631578947367,0.7429305912596401
2000,Southampton,26,22,19,8,4,7,28,10.0,40,19,19,4,4,11,16,6.0,44,66,41,12,8,18,16.0,38,0.3157894736842105,0.7215504389597482
2000,Sunderland,28,17,19,10,6,3,36,13.0,39,29,19,6,4,9,22,8.0,58,67,46,16,12,12,21.0,38,0.42105263157894735,0.6796366389099168
2000,Tottenham,40,26,19,10,3,6,33,11.5,23,17,19,5,5,9,20,7.5,53,63,43,15,8,15,19.0,38,0.39473684210526316,0.682193193537298
2000,Watford,24,31,19,5,4,10,19,7.0,46,11,19,1,2,16,5,2.0,24,70,42,6,5,26,9.0,38,0.15789473684210525,0.7352941176470589
2000,West Ham,32,23,19,11,5,3,38,13.5,30,20,19,4,5,10,17,6.5,55,62,43,15,9,13,20.0,38,0.39473684210526316,0.6752151765325839
2000,Wimbledon,30,28,19,6,7,6,25,9.5,46,16,19,1,5,13,8,3.5,33,76,44,7,8,19,13.0,38,0.18421052631578946,0.7489626556016598
2001,Arsenal,45,13,19,15,3,1,48,16.5,25,18,19,5,7,7,22,8.5,70,70,31,20,8,8,25.0,38,0.5263157894736842,0.8360348063470397
2001,Aston Villa,27,20,19,8,8,3,32,12.0,23,19,19,5,7,7,22,8.5,54,50,39,13,13,10,20.5,38,0.34210526315789475,0.6217358865953743
2001,Bradford City,20,29,19,4,7,8,19,7.5,41,10,19,1,4,14,7,3.0,26,61,39,5,8,22,10.5,38,0.13157894736842105,0.7098435711560473
2001,Charlton Ath,31,19,19,11,5,3,38,13.5,38,19,19,3,5,11,14,5.5,52,69,38,14,8,14,19.0,38,0.3684210526315789,0.7672844480257857
2001,Chelsea,44,20,19,13,3,3,42,14.5,25,24,19,4,7,8,19,7.5,61,69,44,17,7,11,22.0,38,0.4473684210526316,0.7109153352247275
2001,Coventry City,14,23,19,4,7,8,19,7.5,40,22,19,4,3,12,15,5.5,34,54,45,8,11,20,13.0,38,0.21052631578947367,0.5901639344262295
2001,Derby County,23,24,19,8,7,4,31,11.5,35,14,19,2,5,12,11,4.5,42,58,38,10,9,16,16.0,38,0.2631578947368421,0.699667221297837
2001,Everton,29,27,19,6,8,5,26,10.0,32,16,19,5,1,13,16,5.5,42,61,43,11,13,18,15.5,38,0.2894736842105263,0.6680430879712747
2001,Ipswich Town,31,15,19,11,5,3,38,13.5,27,26,19,9,1,9,28,9.5,66,58,41,20,14,12,23.0,38,0.5263157894736842,0.666798810703667
2001,Leeds United,36,21,19,11,3,5,36,12.5,22,28,19,9,5,5,32,11.5,68,58,49,20,12,10,24.0,38,0.5263157894736842,0.5835212489158716
2001,Leicester City,28,23,19,10,4,5,34,12.0,28,11,19,4,2,13,14,5.0,48,56,34,14,8,18,17.0,38,0.3684210526315789,0.7306616961789375
2001,Liverpool,40,14,19,13,4,2,43,15.0,25,31,19,7,5,7,26,9.5,69,65,45,20,11,9,24.5,38,0.5263157894736842,0.676
2001,Manchester City,20,31,19,4,3,12,15,5.5,34,21,19,4,7,8,19,7.5,34,54,52,8,7,20,13.0,38,0.21052631578947367,0.5188612099644128
2001,Manchester Utd,49,12,19,15,2,2,47,16.0,19,30,19,9,6,4,33,12.0,80,68,42,24,11,6,28.0,38,0.631578947368421,0.7238572323105823
2001,Middlesbrough,18,23,19,4,7,8,19,7.5,21,26,19,5,8,6,23,9.0,42,39,49,9,12,14,16.5,38,0.23684210526315788,0.38781234064252934
2001,Newcastle Utd,26,17,19,10,4,5,34,12.0,33,18,19,4,5,10,17,6.5,51,59,35,14,8,15,18.5,38,0.3684210526315789,0.7396940076498087
2001,Southampton,27,22,19,11,2,6,35,12.0,26,13,19,3,8,8,17,7.0,52,53,35,14,5,14,19.0,38,0.3684210526315789,0.6963311849281111
2001,Sunderland,24,16,19,9,7,3,34,12.5,25,22,19,6,5,8,23,8.5,57,49,38,15,13,11,21.0,38,0.39473684210526316,0.6244473342002601
2001,Tottenham,31,16,19,11,6,2,39,14.0,38,16,19,2,4,13,10,4.0,49,69,32,13,8,15,18.0,38,0.34210526315789475,0.822990492653414
2001,West Ham,24,20,19,6,6,7,24,9.0,30,21,19,4,6,9,18,7.0,42,54,41,10,10,16,16.0,38,0.2631578947368421,0.6343267348270611
2002,Arsenal,42,25,19,12,4,3,40,14.0,11,37,19,14,5,0,47,16.5,87,53,62,26,18,3,30.5,38,0.6842105263157895,0.42221554186081467
2002,Aston Villa,22,17,19,8,7,4,31,11.5,29,21,18,3,7,8,16,6.5,47,51,38,11,10,12,18.0,37,0.2972972972972973,0.6430160692212609
2002,Blackburn,33,20,19,8,6,5,30,11.0,27,22,17,4,4,9,16,6.0,46,60,42,12,10,14,17.0,36,0.3333333333333333,0.6711409395973155
2002,Bolton,20,31,19,5,7,7,22,8.5,29,23,18,4,6,8,18,7.0,40,49,54,9,11,15,15.5,37,0.24324324324324326,0.45157043445552003
2002,Charlton Ath,23,30,19,5,6,8,21,8.0,19,15,18,5,7,6,22,8.5,43,42,45,10,11,14,16.5,37,0.2702702702702703,0.4655581947743468
2002,Chelsea,42,18,18,11,4,3,37,13.0,14,19,17,5,8,4,23,9.0,60,56,37,16,9,7,22.0,35,0.45714285714285713,0.6961154273029967
2002,Derby County,20,26,19,5,4,10,19,7.0,36,12,18,3,1,14,10,3.5,29,56,38,8,7,24,10.5,37,0.21621621621621623,0.6847161572052402
2002,Everton,26,23,19,8,4,7,28,10.0,30,16,18,3,6,9,15,6.0,43,56,39,11,7,16,16.0,37,0.2972972972972973,0.6733948894137857
2002,Fulham,21,16,19,7,7,5,28,10.5,25,15,18,3,7,8,16,6.5,44,46,31,10,10,13,17.0,37,0.2702702702702703,0.6876828079298017
2002,Ipswich Town,20,24,19,6,4,9,22,8.0,35,21,18,3,5,10,14,5.5,36,55,45,9,7,19,13.5,37,0.24324324324324326,0.599009900990099
2002,Leeds United,30,21,18,8,6,4,30,11.0,16,22,19,9,6,4,33,12.0,63,46,43,17,15,8,23.0,37,0.4594594594594595,0.5336696090794452
2002,Leicester City,13,33,18,2,7,9,13,5.5,30,15,19,2,6,11,12,5.0,25,43,48,4,9,20,10.5,37,0.10810810810810811,0.4452203226583193
2002,Liverpool,24,11,17,10,5,2,35,12.5,16,34,19,12,3,4,39,13.5,74,40,45,22,17,6,26.0,36,0.6111111111111112,0.4413793103448276
2002,Manchester Utd,40,16,17,11,1,5,34,11.5,28,42,16,10,3,3,33,11.5,67,68,58,21,11,8,23.0,33,0.6363636363636364,0.5788683024536805
2002,Middlesbrough,23,26,19,7,5,7,26,9.5,20,12,18,5,4,9,19,7.0,45,43,38,12,10,16,16.5,37,0.32432432432432434,0.5614940783480109
2002,Newcastle Utd,40,23,19,12,3,4,39,13.5,26,33,18,9,5,4,32,11.5,71,66,56,21,12,8,25.0,37,0.5675675675675675,0.5814201815269621
2002,Southampton,20,21,18,6,5,7,23,8.5,32,23,19,5,4,10,19,7.0,42,52,44,11,10,17,15.5,37,0.2972972972972973,0.5827586206896552
2002,Sunderland,17,15,18,7,6,5,27,10.0,35,11,19,3,3,13,12,4.5,39,52,26,10,9,18,14.5,37,0.2702702702702703,0.8
2002,Tottenham,32,24,19,10,4,5,34,12.0,27,16,18,4,4,10,16,6.0,50,59,40,14,8,15,18.0,37,0.3783783783783784,0.6851013580003936
2002,West Ham,30,13,18,11,4,3,37,13.0,43,16,19,3,4,12,13,5.0,50,73,29,14,7,15,18.0,37,0.3783783783783784,0.8636952998379255
2003,Arsenal,47,20,19,15,2,2,47,16.0,22,38,19,8,7,4,31,11.5,78,69,58,23,10,6,27.5,38,0.6052631578947368,0.5859692307692308
2003,Aston Villa,25,14,19,11,2,6,35,12.0,33,17,19,1,7,11,10,4.5,45,58,31,12,3,17,16.5,38,0.3157894736842105,0.7778034682080925
2003,Birmingham City,25,23,19,8,5,6,29,10.5,26,16,19,5,4,10,19,7.0,48,51,39,13,10,16,17.5,38,0.34210526315789475,0.631004366812227
2003,Blackburn,24,15,19,9,7,3,34,12.5,28,28,19,7,5,7,26,9.5,60,52,43,16,14,10,22.0,38,0.42105263157894735,0.5938941357346804
2003,Bolton,27,24,19,7,8,4,29,11.0,27,14,19,3,6,10,15,6.0,44,54,38,10,11,14,17.0,38,0.2631578947368421,0.6688073394495413
2003,Charlton Ath,26,30,19,8,3,8,27,9.5,26,19,19,6,4,9,22,8.0,49,52,49,14,9,17,17.5,38,0.3684210526315789,0.5296767874632713
2003,Chelsea,41,15,19,12,5,2,41,14.5,23,27,19,7,5,7,26,9.5,67,64,42,19,12,9,24.0,38,0.5,0.6989761092150171
2003,Everton,28,19,19,11,5,3,38,13.5,30,20,19,6,3,10,21,7.5,59,58,39,17,11,13,21.0,38,0.4473684210526316,0.6886386898669397
2003,Fulham,26,18,19,11,3,5,36,12.5,32,15,19,2,6,11,12,5.0,48,58,33,13,5,16,17.5,38,0.34210526315789475,0.75544576689872
2003,Leeds United,25,26,19,7,3,9,24,8.5,31,33,19,7,2,10,23,8.0,47,56,59,14,10,19,16.5,38,0.3684210526315789,0.473930784343358
2003,Liverpool,30,16,19,9,8,2,35,13.0,25,31,19,9,2,8,29,10.0,64,55,47,18,17,10,23.0,38,0.47368421052631576,0.5779518532670997
2003,Manchester City,28,26,19,9,2,8,29,10.0,28,19,19,6,4,9,22,8.0,51,56,45,15,8,17,18.0,38,0.39473684210526316,0.6076341794225926
2003,Manchester Utd,42,12,19,16,2,1,50,17.0,22,32,19,9,6,4,33,12.0,83,64,44,25,11,5,29.0,38,0.6578947368421053,0.6790450928381963
2003,Middlesbrough,36,21,19,10,7,2,37,13.5,21,8,17,2,2,13,8,3.0,45,57,29,12,9,15,16.5,36,0.3333333333333333,0.7943765281173594
2003,Newcastle Utd,36,17,19,15,2,2,47,16.0,31,27,19,6,4,9,22,8.0,69,67,44,21,8,11,24.0,38,0.5526315789473685,0.6986770428015564
2003,Southampton,25,16,19,9,8,2,35,13.0,30,18,19,4,5,10,17,6.5,52,55,34,13,12,12,19.5,38,0.34210526315789475,0.7235111217412102
2003,Sunderland,11,31,19,3,2,14,11,4.0,34,10,19,1,5,13,8,3.5,19,45,41,4,3,27,7.5,38,0.10526315789473684,0.5464112250404749
2003,Tottenham,30,29,19,9,4,6,31,11.0,33,21,19,5,4,10,19,7.0,50,63,50,14,9,16,18.0,38,0.3684210526315789,0.613541505642294
2003,West Brom,17,34,19,3,5,11,14,5.5,31,12,19,3,3,13,12,4.5,26,48,46,6,8,24,10.0,38,0.15789473684210525,0.5212669683257919
2003,West Ham,21,24,19,5,7,7,22,8.5,35,21,19,5,5,9,20,7.5,42,56,45,10,12,16,16.0,38,0.2631578947368421,0.6076341794225926
2004,Arsenal,40,14,19,15,4,0,49,17.0,12,33,19,11,8,0,41,15.0,90,52,47,26,15,0,32.0,38,0.6842105263157895,0.550376552004885
2004,Aston Villa,24,19,19,9,6,4,33,12.0,25,24,19,6,5,8,23,8.5,56,49,43,15,12,12,20.5,38,0.39473684210526316,0.5649411764705883
2004,Birmingham City,26,24,19,8,5,6,29,10.5,24,17,19,4,9,6,21,8.5,50,50,41,12,9,12,19.0,38,0.3157894736842105,0.597943075819182
2004,Blackburn,25,31,19,5,4,10,19,7.0,28,26,19,7,4,8,25,9.0,44,53,57,12,11,18,16.0,38,0.3157894736842105,0.46368438428524267
2004,Bolton,24,21,19,6,8,5,26,10.0,35,24,19,8,3,8,27,9.5,53,59,45,14,16,13,19.5,38,0.3684210526315789,0.6322193970214312
2004,Charlton Ath,29,29,19,7,6,6,27,10.0,22,22,19,7,5,7,26,9.5,53,51,51,14,13,13,19.5,38,0.3684210526315789,0.5
2004,Chelsea,34,13,19,12,4,3,40,14.0,17,33,19,12,3,4,39,13.5,79,51,46,24,16,7,27.5,38,0.631578947368421,0.5514097943608226
2004,Everton,27,20,19,8,5,6,29,10.5,37,18,19,1,7,11,10,4.5,39,64,38,9,6,17,15.0,38,0.23684210526315788,0.7393501805054151
2004,Fulham,29,21,19,9,4,6,31,11.0,25,23,19,5,6,8,21,8.0,52,54,44,14,9,14,19.0,38,0.3684210526315789,0.6009892827699918
2004,Leeds United,25,31,19,5,7,7,22,8.5,48,15,19,3,2,14,11,4.0,33,73,46,8,10,21,12.5,38,0.21052631578947367,0.7157824042981867
2004,Leicester City,19,28,19,3,10,6,19,8.0,37,29,19,3,5,11,14,5.5,33,56,57,6,13,17,13.5,38,0.15789473684210525,0.49115113547376665
2004,Liverpool,29,15,19,10,4,5,34,12.0,22,26,19,6,8,5,26,10.0,60,51,41,16,10,10,22.0,38,0.42105263157894735,0.6074264362447455
2004,Manchester City,31,24,19,5,9,5,24,9.5,30,24,19,4,5,10,17,6.5,41,61,48,9,13,15,16.0,38,0.23684210526315788,0.6175933609958506
2004,Manchester Utd,37,15,19,12,4,3,40,14.0,20,27,19,11,2,6,35,12.0,75,57,42,23,15,9,26.0,38,0.6052631578947368,0.6481149012567325
2004,Middlesbrough,25,23,19,8,4,7,28,10.0,29,19,19,5,5,9,20,7.5,48,54,42,13,9,16,17.5,38,0.34210526315789475,0.6230769230769231
2004,Newcastle Utd,33,14,19,11,5,3,38,13.5,26,19,19,2,12,5,18,8.0,56,59,33,13,7,8,21.5,38,0.34210526315789475,0.761706783369803
2004,Portsmouth,35,19,19,10,4,5,34,12.0,35,12,19,2,5,12,11,4.5,45,70,31,12,6,17,16.5,38,0.3157894736842105,0.8360348063470397
2004,Southampton,24,17,19,8,6,5,30,11.0,28,20,19,4,5,10,17,6.5,47,52,37,12,10,15,17.5,38,0.3157894736842105,0.6638841149030199
2004,Tottenham,33,27,19,9,4,6,31,11.0,30,14,19,4,2,13,14,5.0,45,63,41,13,8,19,16.0,38,0.34210526315789475,0.7024778761061947
2004,Wolves,23,35,19,7,5,7,26,9.5,42,15,19,0,7,12,7,3.5,33,65,50,7,5,19,13.0,38,0.18421052631578946,0.6282527881040892
2005,Arsenal,54,19,19,13,5,1,44,15.5,17,33,19,12,3,4,39,13.5,83,71,52,25,17,5,29.0,38,0.6578947368421053,0.6508715300193674
2005,Aston Villa,26,17,19,8,6,5,30,11.0,35,19,19,4,5,10,17,6.5,47,61,36,12,10,15,17.5,38,0.3157894736842105,0.7416782938010763
2005,Birmingham City,24,15,19,8,6,5,30,11.0,31,16,19,3,6,10,15,6.0,45,55,31,11,9,15,17.0,38,0.2894736842105263,0.7589061716006021
2005,Blackburn,21,22,19,5,8,6,23,9.0,21,11,19,4,7,8,19,7.5,42,42,33,9,12,14,16.5,38,0.23684210526315788,0.6182965299684543
2005,Bolton,25,18,19,9,5,5,32,11.5,26,24,19,7,5,7,26,9.5,58,51,42,16,12,12,21.0,38,0.42105263157894735,0.5958762886597938
2005,Charlton Ath,29,29,19,8,4,7,28,10.0,29,13,19,4,6,9,18,7.0,46,58,42,12,8,16,17.0,38,0.3157894736842105,0.65600624024961
2005,Chelsea,35,6,19,14,5,0,47,16.5,9,37,19,15,3,1,48,16.5,95,44,43,29,20,1,33.0,38,0.7631578947368421,0.5114927344782034
2005,Crystal Palace,21,19,19,6,5,8,23,8.5,43,20,19,1,7,11,10,4.5,33,64,39,7,6,19,13.0,38,0.18421052631578946,0.7292148833897099
2005,Everton,24,15,19,12,2,5,38,13.0,31,21,19,6,5,8,23,8.5,61,55,36,18,8,13,21.5,38,0.47368421052631576,0.7000694283730617
2005,Fulham,29,26,19,8,4,7,28,10.0,34,23,19,4,4,11,16,6.0,44,63,49,12,8,18,16.0,38,0.3157894736842105,0.6230769230769231
2005,Liverpool,31,15,19,12,4,3,40,14.0,26,21,19,5,3,11,18,6.5,58,57,36,17,9,14,20.5,38,0.4473684210526316,0.7148514851485148
2005,Manchester City,24,14,19,8,6,5,30,11.0,25,23,19,5,7,7,22,8.5,52,49,37,13,11,12,19.5,38,0.34210526315789475,0.636870026525199
2005,Manchester Utd,31,12,19,12,6,1,42,15.0,14,27,19,10,5,4,35,12.5,77,45,39,22,16,5,27.5,38,0.5789473684210527,0.5710659898477157
2005,Middlesbrough,29,19,19,9,6,4,33,12.0,27,24,19,5,7,7,22,8.5,55,56,43,14,11,11,20.5,38,0.3684210526315789,0.6290872617853561
2005,Newcastle Utd,25,25,19,7,7,5,28,10.5,32,22,19,3,7,9,16,6.5,44,57,47,10,10,14,17.0,38,0.2631578947368421,0.5952729937706119
2005,Norwich City,29,32,19,7,5,7,26,9.5,45,13,19,0,7,12,7,3.5,33,74,45,7,5,19,13.0,38,0.18421052631578946,0.7300359952006399
2005,Portsmouth,30,26,19,8,4,7,28,10.0,33,13,19,2,5,12,11,4.5,39,63,39,10,6,19,14.5,38,0.2631578947368421,0.7229508196721312
2005,Southampton,30,30,19,5,9,5,24,9.5,36,15,19,1,5,13,8,3.5,32,66,45,6,10,18,13.0,38,0.15789473684210525,0.6826516220028209
2005,Tottenham,36,22,19,9,5,5,32,11.5,19,11,19,5,5,9,20,7.5,52,55,33,14,10,14,19.0,38,0.3684210526315789,0.7352941176470589
2005,West Brom,17,24,19,5,8,6,23,9.0,37,19,19,1,8,10,11,5.0,34,54,43,6,9,16,14.0,38,0.15789473684210525,0.6119622245540399
2006,Arsenal,48,13,19,14,3,2,45,15.5,18,20,19,6,4,9,22,8.0,67,66,33,20,9,11,23.5,38,0.5263157894736842,0.8
2006,Aston Villa,18,19,18,5,6,7,21,8.0,35,22,19,4,6,9,18,7.0,39,53,41,9,10,16,15.0,37,0.24324324324324326,0.6256124721603563
2006,Birmingham City,19,20,19,6,5,8,23,8.5,28,8,16,1,5,10,8,3.5,31,47,28,7,6,18,12.0,35,0.2,0.7380554627464083
2006,Blackburn,28,17,17,11,3,3,36,12.5,25,20,19,6,3,10,21,7.5,57,53,37,17,9,13,20.0,36,0.4722222222222222,0.6723312589755864
2006,Bolton,27,12,17,10,4,3,34,12.0,28,20,19,4,6,9,18,7.0,52,55,32,14,8,12,19.0,36,0.3888888888888889,0.7470980489009632
2006,Charlton Ath,22,21,19,8,4,7,28,10.0,30,19,18,5,4,9,19,7.0,47,52,40,13,9,16,17.0,37,0.35135135135135137,0.6282527881040892
2006,Chelsea,47,9,19,18,1,0,55,18.5,11,25,17,11,3,3,36,12.5,91,58,34,29,12,3,31.0,36,0.8055555555555556,0.7442477876106195
2006,Everton,20,20,18,8,3,7,27,9.5,27,12,19,6,4,9,22,8.0,49,47,32,14,9,16,17.5,37,0.3783783783783784,0.6832663161150634
2006,Fulham,31,21,19,13,2,4,41,14.0,37,17,19,1,4,14,7,3.0,48,68,38,14,3,18,17.0,38,0.3684210526315789,0.7620303230059328
2006,Liverpool,32,8,19,15,3,1,48,16.5,16,22,18,9,4,5,31,11.0,79,48,30,24,12,6,27.5,37,0.6486486486486487,0.7191011235955056
2006,Manchester City,26,20,19,9,2,8,29,10.0,28,17,19,4,2,13,14,5.0,43,54,37,13,6,21,15.0,38,0.34210526315789475,0.6805134189031505
2006,Manchester Utd,33,8,17,12,4,1,40,14.0,26,35,19,12,3,4,39,13.5,79,59,43,24,16,5,27.5,36,0.6666666666666666,0.6530956848030018
2006,Middlesbrough,28,30,19,7,5,7,26,9.5,26,19,16,5,2,9,17,6.0,43,54,49,12,10,16,15.5,35,0.34285714285714286,0.54842956554448
2006,Newcastle Utd,27,15,18,10,5,3,35,12.5,27,19,19,6,2,11,20,7.0,55,54,34,16,11,14,19.5,37,0.43243243243243246,0.7161100196463654
2006,Portsmouth,16,21,18,5,7,6,22,8.5,38,20,19,5,1,13,16,5.5,38,54,41,10,12,19,14.0,37,0.2702702702702703,0.6343267348270611
2006,Sunderland,12,37,19,1,4,14,7,3.0,32,14,19,2,2,15,8,3.0,15,44,51,3,6,29,6.0,38,0.07894736842105263,0.4267136874586731
2006,Tottenham,31,16,19,12,5,2,41,14.5,20,21,18,6,6,6,24,9.0,65,51,37,18,11,8,23.5,37,0.4864864864864865,0.6551637279596977
2006,West Brom,21,24,19,6,2,11,20,7.0,34,10,19,1,7,11,10,4.5,30,55,34,7,3,22,11.5,38,0.18421052631578946,0.7235111217412102
2006,West Ham,30,25,19,9,3,7,30,10.5,30,22,19,7,4,8,25,9.0,55,60,47,16,10,15,19.5,38,0.42105263157894735,0.6197280082630401
2006,Wigan Athletic,24,26,19,7,3,9,24,8.5,22,19,18,8,3,7,27,9.5,51,46,45,15,11,16,18.0,37,0.40540540540540543,0.5109876841342671
2007,Arsenal,43,16,19,12,6,1,42,15.0,19,20,19,7,5,7,26,9.5,68,62,36,19,13,8,24.5,38,0.5,0.7478599221789883
2007,Aston Villa,20,14,19,7,8,4,29,11.0,27,23,19,4,9,6,21,8.5,50,47,37,11,12,10,19.5,38,0.2894736842105263,0.6173840134153158
2007,Blackburn,31,25,19,9,3,7,30,10.5,29,21,19,6,4,9,22,8.0,52,60,46,15,9,16,18.5,38,0.39473684210526316,0.6298110566829951
2007,Bolton,26,20,19,9,5,5,32,11.5,32,21,19,7,3,9,24,8.5,56,58,41,16,12,14,20.0,38,0.42105263157894735,0.666798810703667
2007,Charlton Ath,19,20,19,7,5,7,26,9.5,40,15,19,1,5,13,8,3.5,34,59,35,8,6,20,13.0,38,0.21052631578947367,0.7396940076498087
2007,Chelsea,37,11,19,12,7,0,43,15.5,13,27,19,12,4,3,40,14.0,83,50,38,24,19,3,29.5,38,0.631578947368421,0.6338742393509128
2007,Everton,33,17,19,11,4,4,37,13.0,19,19,19,4,9,6,21,8.5,58,52,36,15,8,10,21.5,38,0.39473684210526316,0.676
2007,Fulham,18,18,19,7,7,5,28,10.5,42,20,19,1,8,10,11,5.0,39,60,38,8,8,15,15.5,38,0.21052631578947367,0.7137192704203014
2007,Liverpool,39,7,19,14,4,1,46,16.0,20,18,19,6,4,9,22,8.0,68,59,25,20,10,10,24.0,38,0.5263157894736842,0.8477837311251827
2007,Manchester City,10,16,19,5,6,8,21,8.0,28,19,19,6,3,10,21,7.5,42,38,35,11,12,18,15.5,38,0.2894736842105263,0.5410266017234919
2007,Manchester Utd,46,12,19,15,2,2,47,16.0,15,37,19,13,3,3,42,14.5,89,61,49,28,15,5,30.5,38,0.7368421052631579,0.6078079059131003
2007,Middlesbrough,31,24,19,10,3,6,33,11.5,25,13,19,2,7,10,13,5.5,46,56,37,12,5,16,17.0,38,0.3157894736842105,0.6961154273029967
2007,Newcastle Utd,23,20,19,7,7,5,28,10.5,27,15,19,4,3,12,15,5.5,43,50,35,11,11,17,16.0,38,0.2894736842105263,0.6711409395973155
2007,Portsmouth,28,15,19,11,5,3,38,13.5,27,17,19,3,7,9,16,6.5,54,55,32,14,8,12,20.0,38,0.3684210526315789,0.7470980489009632
2007,Reading,29,20,19,11,2,6,35,12.0,27,23,19,5,5,9,20,7.5,55,56,43,16,7,15,19.5,38,0.42105263157894735,0.6290872617853561
2007,Sheffield Utd,24,21,19,7,6,6,27,10.0,34,8,19,3,2,14,11,4.0,38,58,29,10,9,20,14.0,38,0.2631578947368421,0.8
2007,Tottenham,34,22,19,12,3,4,39,13.5,32,23,19,5,6,8,21,8.0,60,66,45,17,8,12,21.5,38,0.4473684210526316,0.6826516220028209
2007,Watford,19,25,19,3,9,7,18,7.5,34,10,19,2,4,13,10,4.0,28,53,35,5,11,20,11.5,38,0.13157894736842105,0.6963311849281111
2007,West Ham,24,26,19,8,2,9,26,9.0,33,11,19,4,3,12,15,5.5,41,57,37,12,6,21,14.5,38,0.3157894736842105,0.7035513209181464
2007,Wigan Athletic,18,30,19,5,4,10,19,7.0,29,19,19,5,4,10,19,7.0,38,47,49,10,9,20,14.0,38,0.2631578947368421,0.479175704989154
2008,Arsenal,37,11,19,14,5,0,47,16.5,20,37,19,10,6,3,36,13.0,83,57,48,24,15,3,29.5,38,0.631578947368421,0.5850891410048622
2008,Aston Villa,34,22,19,10,3,6,33,11.5,29,37,19,6,9,4,27,10.5,60,63,59,16,9,10,22.0,38,0.42105263157894735,0.532751677852349
2008,Birmingham City,30,23,19,6,8,5,26,10.0,39,16,19,2,3,14,9,3.5,35,69,39,8,10,19,13.5,38,0.21052631578947367,0.7578796561604585
2008,Blackburn,26,19,19,8,7,4,31,11.5,29,24,19,7,6,6,27,10.0,58,55,43,15,14,10,21.5,38,0.39473684210526316,0.6206401313089864
2008,Bolton,23,18,19,7,5,7,26,9.5,36,13,19,2,5,12,11,4.5,37,59,31,9,7,19,14.0,38,0.23684210526315788,0.7836560108059433
2008,Chelsea,36,13,19,12,7,0,43,15.5,13,29,19,13,3,3,42,14.5,85,49,42,25,20,3,30.0,38,0.6578947368421053,0.5764705882352941
2008,Derby County,12,43,19,1,5,13,8,3.5,46,8,19,0,3,16,3,1.5,11,58,51,1,5,29,5.0,38,0.02631578947368421,0.5639564124056999
2008,Everton,34,17,19,11,4,4,37,13.0,16,21,19,8,4,7,28,10.0,65,50,38,19,12,11,23.0,38,0.5,0.6338742393509128
2008,Fulham,22,31,19,5,5,9,20,7.5,29,16,19,3,7,9,16,6.5,36,51,47,8,8,18,14.0,38,0.21052631578947367,0.5407484407484408
2008,Liverpool,43,13,19,12,6,1,42,15.0,15,24,19,9,7,3,34,12.5,76,58,37,21,15,4,27.5,38,0.5526315789473685,0.7107542784703148
2008,Manchester City,28,20,19,11,4,4,37,13.0,24,16,17,4,6,7,18,7.0,55,52,36,15,8,11,20.0,36,0.4166666666666667,0.676
2008,Manchester Utd,47,7,19,17,1,1,52,17.5,15,33,19,10,5,4,35,12.5,87,62,40,27,11,5,30.0,38,0.7105263157894737,0.7060984570168993
2008,Middlesbrough,17,22,17,5,5,7,20,7.5,30,16,19,3,7,9,16,6.5,36,47,38,8,8,16,14.0,36,0.2222222222222222,0.6047084588009854
2008,Newcastle Utd,25,26,19,8,5,6,29,10.5,39,20,19,3,5,11,14,5.5,43,64,46,11,8,17,16.0,38,0.2894736842105263,0.6593689632968448
2008,Portsmouth,24,14,19,7,8,4,29,11.0,26,24,19,9,1,9,28,9.5,57,50,38,16,17,13,20.5,38,0.42105263157894735,0.6338742393509128
2008,Reading,19,25,19,8,2,9,26,9.0,41,22,19,2,4,13,10,4.0,36,60,47,10,4,22,13.0,38,0.2631578947368421,0.6197280082630401
2008,Sunderland,23,21,19,9,3,7,30,10.5,38,13,19,2,3,14,9,3.5,39,61,34,11,5,21,14.0,38,0.2894736842105263,0.7629690383432438
2008,Tottenham,46,34,19,8,5,6,29,10.5,27,20,19,3,8,8,17,7.0,46,73,54,11,8,14,17.5,38,0.2894736842105263,0.6463311097634931
2008,West Ham,24,24,19,7,7,5,28,10.5,26,18,19,6,3,10,21,7.5,49,50,42,13,13,15,18.0,38,0.34210526315789475,0.5863039399624765
2008,Wigan Athletic,21,17,19,8,5,6,29,10.5,34,13,19,2,5,12,11,4.5,40,55,30,10,7,18,15.0,38,0.2631578947368421,0.7707006369426752
2009,Arsenal,31,16,19,11,5,3,38,13.5,21,37,19,9,7,3,34,12.5,72,52,53,20,14,6,26.0,38,0.5263157894736842,0.4904770542354435
2009,Aston Villa,27,21,19,7,9,3,30,11.5,27,27,19,10,2,7,32,11.0,62,54,48,17,19,10,22.5,38,0.4473684210526316,0.5586206896551724
2009,Blackburn,22,23,19,6,7,6,25,9.5,37,18,19,4,4,11,16,6.0,41,59,41,10,11,17,15.5,38,0.2631578947368421,0.6743510267338241
2009,Bolton,21,21,19,7,5,7,26,9.5,32,20,19,4,3,12,15,5.5,41,53,41,11,9,19,15.0,38,0.2894736842105263,0.6256124721603563
2009,Chelsea,33,12,19,11,6,2,39,14.0,12,35,19,14,2,3,44,15.0,83,45,47,25,20,5,29.0,38,0.6578947368421053,0.478271138403401
2009,Everton,31,20,19,8,6,5,30,11.0,17,24,19,9,6,4,33,12.0,63,48,44,17,15,9,23.0,38,0.4473684210526316,0.5433962264150943
2009,Fulham,28,16,19,11,3,5,36,12.5,18,11,19,3,8,8,17,7.0,53,46,27,14,6,13,19.5,38,0.3684210526315789,0.7437609841827768
2009,Hull City,18,36,19,3,5,11,14,5.5,28,21,19,5,6,8,21,8.0,35,46,57,8,10,19,13.5,38,0.21052631578947367,0.394408201304753
2009,Liverpool,41,13,19,12,7,0,43,15.5,14,36,19,13,4,2,43,15.0,86,55,49,25,20,2,30.5,38,0.6578947368421053,0.5575009214891264
2009,Manchester City,40,18,19,13,0,6,39,13.0,32,18,19,2,5,12,11,4.5,50,72,36,15,2,18,17.5,38,0.39473684210526316,0.8
2009,Manchester Utd,43,13,19,16,2,1,50,17.0,11,25,19,12,4,3,40,14.0,90,54,38,28,14,4,31.0,38,0.7368421052631579,0.6688073394495413
2009,Middlesbrough,17,20,19,5,9,5,24,9.5,37,11,19,2,2,15,8,3.0,32,54,31,7,11,20,12.5,38,0.18421052631578946,0.7521279339695641
2009,Newcastle Utd,24,29,19,5,7,7,22,8.5,30,16,19,2,6,11,12,5.0,34,54,45,7,9,18,13.5,38,0.18421052631578946,0.5901639344262295
2009,Portsmouth,26,29,19,8,3,8,27,9.5,28,12,19,2,8,9,14,6.0,41,54,41,10,5,17,15.5,38,0.2631578947368421,0.6343267348270611
2009,Stoke City,22,15,19,10,5,4,35,12.5,40,16,19,2,4,13,10,4.0,45,62,31,12,7,17,16.5,38,0.3157894736842105,0.8
2009,Sunderland,21,25,19,6,3,10,21,7.5,29,13,19,3,6,10,15,6.0,36,50,38,9,6,20,13.5,38,0.23684210526315788,0.6338742393509128
2009,Tottenham,21,10,19,10,5,4,35,12.5,35,24,19,4,4,11,16,6.0,51,56,34,14,9,15,18.5,38,0.3684210526315789,0.7306616961789375
2009,West Brom,26,33,19,7,3,9,24,8.5,34,10,19,1,5,13,8,3.5,32,60,43,8,4,22,12.0,38,0.21052631578947367,0.6606716828775923
2009,West Ham,23,22,19,9,2,8,29,10.0,23,19,19,5,7,7,22,8.5,51,46,41,14,7,15,18.5,38,0.3684210526315789,0.5572820647879905
2009,Wigan Athletic,17,18,19,8,5,6,29,10.5,27,17,19,4,4,11,16,6.0,45,44,35,12,9,17,16.5,38,0.3157894736842105,0.6124644099968365
2010,Arsenal,48,15,19,15,2,2,47,16.0,26,35,19,8,4,7,28,10.0,75,74,50,23,10,9,26.0,38,0.6052631578947368,0.6865596790371113
2010,Aston Villa,29,16,19,8,8,3,32,12.0,23,23,19,9,5,5,32,11.5,64,52,39,17,17,8,23.5,38,0.4473684210526316,0.64
2010,Birmingham City,19,13,19,8,9,2,33,12.5,34,19,19,5,2,12,17,6.0,50,53,32,13,14,14,18.5,38,0.34210526315789475,0.7328463344638664
2010,Blackburn,28,18,19,10,6,3,36,13.0,37,13,19,3,5,11,14,5.5,50,65,31,13,9,14,18.5,38,0.34210526315789475,0.8146934053220208
2010,Bolton,26,31,19,6,6,7,24,9.0,36,16,19,4,3,12,15,5.5,39,62,47,10,10,19,14.5,38,0.2631578947368421,0.635056996530646
2010,Burnley,25,30,19,7,5,7,26,9.5,52,17,19,1,1,17,4,1.5,30,77,47,8,6,24,11.0,38,0.21052631578947367,0.7285573851069058
2010,Chelsea,68,14,19,17,1,1,52,17.5,18,35,19,10,4,5,34,12.0,86,86,49,27,11,6,29.5,38,0.7105263157894737,0.7549249770337858
2010,Everton,35,21,19,11,6,2,39,14.0,28,25,19,5,7,7,22,8.5,61,63,46,16,11,9,22.5,38,0.42105263157894735,0.6522596548890714
2010,Fulham,27,15,19,11,3,5,36,12.5,31,12,19,1,7,11,10,4.5,46,58,27,12,4,16,17.0,38,0.3157894736842105,0.821891033471781
2010,Hull City,22,29,19,6,6,7,24,9.0,46,12,19,0,6,13,6,3.0,30,68,41,6,6,20,12.0,38,0.15789473684210525,0.7333862014274385
2010,Liverpool,43,15,19,13,3,3,42,14.5,20,18,19,5,6,8,21,8.0,63,63,33,18,8,11,22.5,38,0.47368421052631576,0.7846975088967971
2010,Manchester City,41,20,19,12,4,3,40,14.0,25,32,19,6,9,4,27,10.5,67,66,52,18,10,7,24.5,38,0.47368421052631576,0.6169971671388101
2010,Manchester Utd,52,12,19,16,1,2,49,16.5,16,34,19,11,3,5,36,12.5,85,68,46,27,12,7,29.0,38,0.7105263157894737,0.686053412462908
2010,Portsmouth,24,32,19,5,3,11,18,6.5,34,10,19,2,4,13,10,4.0,28,58,42,7,5,24,10.5,38,0.18421052631578946,0.65600624024961
2010,Stoke City,20,18,17,6,5,6,23,8.5,27,10,19,4,8,7,20,8.0,43,47,28,10,9,13,16.5,36,0.2777777777777778,0.7380554627464083
2010,Sunderland,32,19,19,9,7,3,34,12.5,28,14,17,2,4,11,10,4.0,44,60,33,11,9,14,16.5,36,0.3055555555555556,0.7677543186180422
2010,Tottenham,40,12,19,14,2,3,44,15.0,29,27,19,7,5,7,26,9.5,70,69,39,21,9,10,24.5,38,0.5526315789473685,0.7578796561604585
2010,West Ham,30,29,19,7,5,7,26,9.5,37,17,19,1,6,12,9,4.0,35,67,46,8,6,19,13.5,38,0.21052631578947367,0.6796366389099168
2010,Wigan Athletic,19,24,19,6,7,6,25,9.5,55,18,19,3,2,14,11,4.0,36,74,42,9,10,20,13.5,38,0.23684210526315788,0.7563535911602209
2010,Wolves,13,22,19,5,6,8,21,8.0,34,19,19,4,5,10,17,6.5,38,47,41,9,10,18,14.5,38,0.23684210526315788,0.5678663239074551
2011,Arsenal,33,15,19,11,4,4,37,13.0,28,39,19,8,7,4,31,11.5,68,61,54,19,12,8,24.5,38,0.5,0.5606448696700317
2011,Aston Villa,26,19,19,8,7,4,31,11.5,40,22,19,4,5,10,17,6.5,48,66,41,12,11,14,18.0,38,0.3157894736842105,0.7215504389597482
2011,Birmingham City,19,22,19,6,8,5,26,10.0,36,18,19,2,7,10,13,5.5,39,55,40,8,10,15,15.5,38,0.21052631578947367,0.654054054054054
2011,Blackburn,22,16,19,7,7,5,28,10.5,43,24,19,4,3,12,15,5.5,43,65,40,11,11,17,16.0,38,0.2894736842105263,0.7253218884120172
2011,Blackpool,30,37,19,5,5,9,20,7.5,41,22,17,3,4,10,13,5.0,33,71,59,8,8,19,12.5,36,0.2222222222222222,0.5915278103731518
2011,Bolton,34,24,19,10,5,4,35,12.5,32,18,19,2,5,12,11,4.5,46,66,42,12,7,16,17.0,38,0.3157894736842105,0.711764705882353
2011,Chelsea,39,13,19,14,3,2,45,15.5,20,30,19,7,5,7,26,9.5,71,59,43,21,10,9,25.0,38,0.5526315789473685,0.6530956848030018
2011,Everton,31,23,19,9,7,3,34,12.5,22,20,19,4,8,7,20,8.0,54,53,43,13,11,10,20.5,38,0.34210526315789475,0.603048518677544
2011,Fulham,30,23,19,8,7,4,31,11.5,20,19,19,3,9,7,18,7.5,49,50,42,11,10,11,19.0,38,0.2894736842105263,0.5863039399624765
2011,Liverpool,37,14,19,12,4,3,40,14.0,30,22,19,5,3,11,18,6.5,58,67,36,17,9,14,20.5,38,0.4473684210526316,0.7759723422644771
2011,Manchester City,34,12,19,13,4,2,43,15.0,21,26,19,8,4,7,28,10.0,71,55,38,21,12,9,25.0,38,0.5526315789473685,0.6768852092190647
2011,Manchester Utd,49,12,19,18,1,0,55,18.5,25,29,19,5,10,4,25,10.0,80,74,41,23,6,4,28.5,38,0.6052631578947368,0.7651250523962554
2011,Newcastle Utd,41,27,19,6,8,5,26,10.0,30,15,19,5,5,9,20,7.5,46,71,42,11,13,14,17.5,38,0.2894736842105263,0.7407788390889052
2011,Stoke City,31,18,19,10,4,5,34,12.0,30,15,19,3,3,13,12,4.5,46,61,33,13,7,18,16.5,38,0.34210526315789475,0.7735966735966736
2011,Sunderland,25,27,19,7,5,7,26,9.5,29,20,19,5,6,8,21,8.0,47,54,47,12,10,15,17.5,38,0.3157894736842105,0.5689756097560975
2011,Tottenham,30,19,19,9,9,1,36,13.5,27,25,19,7,5,7,26,9.5,62,57,44,16,16,8,23.0,38,0.42105263157894735,0.6266152362584378
2011,West Brom,30,30,19,8,6,5,30,11.0,41,26,19,4,5,10,17,6.5,47,71,56,12,10,15,17.5,38,0.3157894736842105,0.6164852635440871
2011,West Ham,24,31,19,5,5,9,20,7.5,39,19,19,2,7,10,13,5.5,33,63,50,7,7,19,13.0,38,0.18421052631578946,0.613541505642294
2011,Wigan Athletic,22,34,19,5,8,6,23,9.0,27,18,19,4,7,8,19,7.5,42,49,52,9,12,14,16.5,38,0.23684210526315788,0.4703232125367287
2011,Wolves,30,30,19,8,4,7,28,10.0,36,16,19,3,3,13,12,4.5,40,66,46,11,7,20,14.5,38,0.2894736842105263,0.673053152039555
2012,Arsenal,39,17,19,12,4,3,40,14.0,32,35,19,9,3,7,30,10.5,70,71,52,21,13,10,24.5,38,0.5526315789473685,0.6508715300193674
2012,Aston Villa,20,25,19,4,7,8,19,7.5,28,17,19,3,10,6,19,8.0,38,48,42,7,10,14,15.5,38,0.18421052631578946,0.5663716814159292
2012,Blackburn,26,33,19,6,1,12,19,6.5,45,22,19,2,6,11,12,5.0,31,71,55,8,3,23,11.5,38,0.21052631578947367,0.6249690057029507
2012,Bolton,23,39,19,4,4,11,16,6.0,38,23,19,6,2,11,20,7.0,36,61,62,10,10,22,13.0,38,0.2631578947368421,0.49187045604758756
2012,Chelsea,41,24,19,12,3,4,39,13.5,22,24,19,6,7,6,25,9.5,64,63,48,18,9,10,23.0,38,0.47368421052631576,0.6327116212338594
2012,Everton,28,15,19,10,3,6,33,11.5,25,22,19,5,8,6,23,9.0,56,53,37,15,8,12,20.5,38,0.39473684210526316,0.6723312589755864
2012,Fulham,36,26,19,10,5,4,35,12.5,25,12,19,4,5,10,17,6.5,52,61,38,14,9,14,19.0,38,0.3684210526315789,0.7204259438528557
2012,Liverpool,24,16,19,6,9,4,27,10.5,24,23,19,8,1,10,25,8.5,52,48,39,14,17,14,19.0,38,0.3684210526315789,0.6023529411764705
2012,Manchester City,55,12,19,18,1,0,55,18.5,17,38,19,10,4,5,34,12.0,89,72,50,28,11,5,30.5,38,0.7368421052631579,0.674648620510151
2012,Manchester Utd,52,19,19,15,2,2,47,16.0,14,37,19,13,3,3,42,14.5,89,66,56,28,15,5,30.5,38,0.7368421052631579,0.5814201815269621
2012,Newcastle Utd,29,17,19,11,5,3,38,13.5,34,27,19,8,3,8,27,9.5,65,63,44,19,13,11,23.0,38,0.5,0.6721422523285352
2012,Norwich City,28,30,19,7,6,6,27,10.0,36,24,19,5,5,9,20,7.5,47,64,54,12,11,15,17.5,38,0.3157894736842105,0.5841414717626925
2012,QPR,24,25,19,7,5,7,26,9.5,41,19,19,3,2,14,11,4.0,37,65,44,10,8,21,13.5,38,0.2631578947368421,0.6857652978412595
2012,Stoke City,25,20,19,7,8,4,29,11.0,33,11,19,4,4,11,16,6.0,45,58,31,11,12,15,17.0,38,0.2894736842105263,0.7778034682080925
2012,Sunderland,26,17,19,7,7,5,28,10.5,29,19,19,4,5,10,17,6.5,45,55,36,11,11,15,17.0,38,0.2894736842105263,0.7000694283730617
2012,Swansea City,27,18,19,8,7,4,31,11.5,33,17,19,4,4,11,16,6.0,47,60,35,12,11,15,17.5,38,0.3157894736842105,0.7461139896373057
2012,Tottenham,39,17,19,13,3,3,42,14.5,24,27,19,7,6,6,27,10.0,69,63,44,20,10,9,24.5,38,0.5263157894736842,0.6721422523285352
2012,West Brom,21,22,19,6,3,10,21,7.5,30,24,19,7,5,7,26,9.5,47,51,46,13,10,17,17.0,38,0.34210526315789475,0.5514097943608226
2012,Wigan Athletic,22,27,19,5,7,7,22,8.5,35,20,19,6,3,10,21,7.5,43,57,47,11,13,17,16.0,38,0.2894736842105263,0.5952729937706119
2012,Wolves,19,43,19,3,3,13,12,4.5,39,21,19,2,7,10,13,5.5,25,58,64,5,5,23,10.0,38,0.13157894736842105,0.4509383378016086
2013,Arsenal,47,23,19,11,5,3,38,13.5,14,25,19,10,5,4,35,12.5,73,61,48,21,15,7,26.0,38,0.5526315789473685,0.6175933609958506
2013,Aston Villa,23,28,19,5,5,9,20,7.5,41,24,19,5,6,8,21,8.0,41,64,52,10,10,17,15.5,38,0.2631578947368421,0.6023529411764705
2013,Chelsea,41,16,19,12,5,2,41,14.5,23,34,19,10,4,5,34,12.0,75,64,50,22,15,7,26.5,38,0.5789473684210527,0.6209824135839903
2013,Everton,27,16,16,9,6,1,33,12.0,23,22,19,4,9,6,21,8.5,54,50,38,13,10,7,20.5,35,0.37142857142857144,0.6338742393509128
2013,Fulham,28,30,19,7,3,9,24,8.5,28,19,17,3,6,8,15,6.0,39,56,49,10,6,17,14.5,36,0.2777777777777778,0.5663716814159292
2013,Liverpool,33,16,19,9,6,4,33,12.0,27,38,19,7,7,5,28,10.5,61,60,54,16,13,9,22.5,38,0.42105263157894735,0.5524861878453039
2013,Manchester City,41,15,19,14,3,2,45,15.5,19,25,19,9,6,4,33,12.0,78,60,40,23,12,6,27.5,38,0.6052631578947368,0.6923076923076923
2013,Manchester Utd,45,19,19,16,0,3,48,16.0,24,41,19,12,5,2,41,14.5,89,69,60,28,12,5,30.5,38,0.7368421052631579,0.5694294940796556
2013,Newcastle Utd,24,31,19,9,1,9,28,9.5,37,21,19,2,7,10,13,5.5,41,61,52,11,3,19,15.0,38,0.2894736842105263,0.5791439688715954
2013,Norwich City,25,20,19,8,7,4,31,11.5,38,16,19,2,7,10,13,5.5,44,63,36,10,9,14,17.0,38,0.2631578947368421,0.7538461538461538
2013,QPR,13,28,19,2,8,9,14,6.0,32,17,19,2,5,12,11,4.5,25,45,45,4,10,21,10.5,38,0.10526315789473684,0.5
2013,Reading,23,33,19,4,8,7,20,8.0,40,20,19,2,2,15,8,3.0,28,63,53,6,10,22,11.0,38,0.15789473684210525,0.5855709648863971
2013,Southampton,26,24,19,6,7,6,25,9.5,36,23,19,3,7,9,16,6.5,41,62,47,9,10,15,16.0,38,0.23684210526315788,0.635056996530646
2013,Stoke City,21,22,19,7,7,5,28,10.5,23,13,19,2,8,9,14,6.0,42,44,35,9,9,14,16.5,38,0.23684210526315788,0.6124644099968365
2013,Sunderland,20,19,19,5,8,6,23,9.0,35,21,18,4,3,11,15,5.5,38,55,40,9,12,17,14.5,37,0.24324324324324326,0.654054054054054
2013,Swansea City,28,26,19,6,8,5,26,10.0,25,19,19,5,5,9,20,7.5,46,53,45,11,13,14,17.5,38,0.2894736842105263,0.5810922631361192
2013,Tottenham,29,18,19,11,5,3,38,13.5,28,37,19,10,4,5,34,12.0,72,57,55,21,15,8,25.5,38,0.5526315789473685,0.5178514504303474
2013,West Brom,32,25,19,9,4,6,31,11.0,32,21,19,5,3,11,18,6.5,49,64,46,14,9,17,17.5,38,0.3684210526315789,0.6593689632968448
2013,West Ham,34,22,19,9,6,4,33,12.0,31,11,19,3,4,12,13,5.0,46,65,33,12,9,16,17.0,38,0.3157894736842105,0.7950696273993225
2013,Wigan Athletic,23,34,16,2,6,8,12,5.0,34,21,19,5,3,11,18,6.5,30,57,55,7,11,19,11.5,35,0.2,0.5178514504303474
2014,Arsenal,36,11,19,13,5,1,44,15.5,30,32,19,11,2,6,35,12.0,79,66,43,24,16,7,27.5,38,0.631578947368421,0.7020145044319097
2014,Aston Villa,22,29,19,6,3,10,21,7.5,32,17,19,4,5,10,17,6.5,38,54,46,10,7,20,14.0,38,0.2631578947368421,0.5794912559618441
2014,Cardiff City,20,35,19,5,5,9,20,7.5,39,12,19,2,4,13,10,4.0,30,59,47,7,7,22,11.5,38,0.18421052631578946,0.6117750439367311
2014,Chelsea,43,11,19,15,3,1,48,16.5,16,28,19,10,4,5,34,12.0,82,59,39,25,13,6,28.5,38,0.6578947368421053,0.695921631347461
2014,Crystal Palace,18,23,19,8,3,8,27,9.5,25,15,19,5,3,11,18,6.5,45,43,38,13,8,19,16.0,38,0.34210526315789475,0.5614940783480109
2014,Everton,38,19,19,13,3,3,42,14.5,20,23,19,8,6,5,30,11.0,72,58,42,21,11,8,25.5,38,0.5526315789473685,0.65600624024961
2014,Fulham,24,38,19,5,3,11,18,6.5,47,16,19,4,2,13,14,5.0,32,71,54,9,7,24,11.5,38,0.23684210526315788,0.6335302249591555
2014,Hull City,20,21,19,7,4,8,25,9.0,32,18,19,3,3,13,12,4.5,37,52,39,10,7,21,13.5,38,0.2631578947368421,0.64
2014,Liverpool,53,18,19,16,1,2,49,16.5,32,48,19,10,5,4,35,12.5,84,85,66,26,11,6,29.0,38,0.6842105263157895,0.6238666781797773
2014,Manchester City,63,13,19,17,1,1,52,17.5,24,39,19,10,4,5,34,12.0,86,87,52,27,11,6,29.5,38,0.7105263157894737,0.7367857490509101
2014,Manchester Utd,29,21,19,9,3,7,30,10.5,22,35,19,10,4,5,34,12.0,64,51,56,19,13,12,22.5,38,0.5,0.4533728429492766
2014,Newcastle Utd,23,28,19,8,3,8,27,9.5,31,20,19,7,1,11,22,7.5,49,54,48,15,10,19,17.0,38,0.39473684210526316,0.5586206896551724
2014,Norwich City,17,18,19,6,6,7,24,9.0,44,11,19,2,3,14,9,3.5,33,61,29,8,8,21,12.5,38,0.21052631578947367,0.8156510302498904
2014,Southampton,32,23,19,8,6,5,30,11.0,23,22,19,7,5,7,26,9.5,56,55,45,15,13,12,20.5,38,0.39473684210526316,0.599009900990099
2014,Stoke City,27,17,19,10,6,3,36,13.0,35,18,19,3,5,11,14,5.5,50,62,35,13,9,14,18.5,38,0.34210526315789475,0.7583349773130795
2014,Sunderland,21,27,19,5,3,11,18,6.5,33,20,19,5,5,9,20,7.5,38,54,47,10,8,20,14.0,38,0.2631578947368421,0.5689756097560975
2014,Swansea City,33,26,19,6,5,8,23,8.5,28,21,19,5,4,10,19,7.0,42,61,47,11,10,18,15.5,38,0.2894736842105263,0.6274873524451939
2014,Tottenham,30,23,19,11,3,5,36,12.5,28,25,19,10,3,6,33,11.5,69,58,48,21,13,11,24.0,38,0.5526315789473685,0.5935074100211715
2014,West Brom,24,27,19,4,9,6,21,8.5,32,19,19,3,6,10,15,6.0,36,56,46,7,12,16,14.5,38,0.18421052631578946,0.597105864432597
2014,West Ham,25,26,19,7,3,9,24,8.5,25,15,19,4,4,11,16,6.0,40,50,41,11,7,20,14.5,38,0.2894736842105263,0.597943075819182
2015,Arsenal,41,14,19,12,5,2,41,14.5,22,30,19,10,4,5,34,12.0,75,63,44,22,15,7,26.5,38,0.5789473684210527,0.6721422523285352
2015,Aston Villa,18,25,19,5,6,8,21,8.0,32,13,19,5,2,12,17,6.0,38,50,38,10,11,20,14.0,38,0.2631578947368421,0.6338742393509128
2015,Burnley,14,21,19,4,7,8,19,7.5,32,14,19,3,5,11,14,5.5,33,46,35,7,10,19,13.0,38,0.18421052631578946,0.6333433103861119
2015,Chelsea,36,9,19,15,4,0,49,17.0,23,37,19,11,5,3,38,13.5,87,59,46,26,15,3,30.5,38,0.6842105263157895,0.6219403251742005
2015,Crystal Palace,21,27,19,6,3,10,21,7.5,24,26,19,7,6,6,27,10.0,48,45,53,13,10,16,17.5,38,0.34210526315789475,0.41890773686388083
2015,Everton,27,21,19,7,7,5,28,10.5,29,21,19,5,4,10,19,7.0,47,56,42,12,12,15,17.5,38,0.3157894736842105,0.64
2015,Hull City,19,24,19,5,5,9,20,7.5,27,14,19,3,6,10,15,6.0,35,46,38,8,8,19,13.5,38,0.21052631578947367,0.5943820224719101
2015,Leicester City,28,22,19,7,5,7,26,9.5,33,18,19,4,3,12,15,5.5,41,61,40,11,9,19,15.0,38,0.2894736842105263,0.6993046419845894
2015,Liverpool,30,20,19,10,5,4,35,12.5,28,22,19,8,3,8,27,9.5,62,58,42,18,13,12,22.0,38,0.47368421052631576,0.65600624024961
2015,Manchester City,44,14,19,14,3,2,45,15.5,24,39,19,10,4,5,34,12.0,79,68,53,24,13,7,27.5,38,0.631578947368421,0.6220906767119602
2015,Manchester Utd,41,15,19,14,2,3,44,15.0,22,21,19,6,8,5,26,10.0,70,63,36,20,8,8,25.0,38,0.5263157894736842,0.7538461538461538
2015,Newcastle Utd,26,27,19,7,5,7,26,9.5,36,14,19,3,4,12,13,5.0,39,62,41,10,8,19,14.5,38,0.2631578947368421,0.6957466063348416
2015,QPR,23,24,19,6,5,8,23,8.5,49,19,19,2,1,16,7,2.5,30,72,43,8,7,24,11.0,38,0.21052631578947367,0.737096544859946
2015,Southampton,37,13,19,11,4,4,37,13.0,20,17,19,7,2,10,23,8.0,60,57,30,18,11,14,21.0,38,0.47368421052631576,0.7830802603036876
2015,Stoke City,32,22,19,10,3,6,33,11.5,23,16,19,5,6,8,21,8.0,54,55,38,15,8,14,19.5,38,0.39473684210526316,0.6768852092190647
2015,Sunderland,16,27,19,4,8,7,20,8.0,26,15,19,3,9,7,18,7.5,38,42,42,7,11,14,15.5,38,0.18421052631578946,0.5
2015,Swansea City,27,22,19,9,5,5,32,11.5,27,19,19,7,3,9,24,8.5,56,54,41,16,12,14,20.0,38,0.42105263157894735,0.6343267348270611
2015,Tottenham,31,24,19,10,3,6,33,11.5,29,27,19,9,4,6,31,11.0,64,60,51,19,12,12,22.5,38,0.5,0.5805515239477503
2015,West Brom,24,26,19,7,4,8,25,9.0,25,14,19,4,7,8,19,7.5,44,49,40,11,8,16,16.5,38,0.2894736842105263,0.6000999750062485
2015,West Ham,25,18,19,9,4,6,31,11.0,29,19,19,3,7,9,16,6.5,47,54,37,12,7,15,17.5,38,0.3157894736842105,0.6805134189031505
2016,Arsenal,31,11,19,12,4,3,40,14.0,25,34,19,8,7,4,31,11.5,71,56,45,20,12,7,25.5,38,0.5263157894736842,0.6076341794225926
2016,Aston Villa,14,35,19,2,5,12,11,4.5,41,13,19,1,3,15,6,2.5,17,55,48,3,6,27,7.0,38,0.07894736842105263,0.5676487145805967
2016,Bournemouth,23,34,19,5,5,9,20,7.5,33,22,19,6,4,9,22,8.0,42,56,56,11,11,18,15.5,38,0.2894736842105263,0.5
2016,Chelsea,32,30,19,5,9,5,24,9.5,23,27,19,7,5,7,26,9.5,50,55,57,12,16,12,19.0,38,0.3157894736842105,0.48214854956965253
2016,Crystal Palace,19,23,19,6,3,10,21,7.5,28,20,19,5,6,8,21,8.0,42,47,43,11,8,18,15.5,38,0.2894736842105263,0.5443568260226712
2016,Everton,35,30,19,6,5,8,23,8.5,25,24,19,5,9,5,24,9.5,47,60,54,11,10,13,18.0,38,0.2894736842105263,0.5524861878453039
2016,Leicester City,35,18,19,12,6,1,42,15.0,18,33,19,11,6,2,39,14.0,81,53,51,23,17,3,29.0,38,0.6052631578947368,0.5192236598890942
2016,Liverpool,33,22,19,8,8,3,32,12.0,28,30,19,8,4,7,28,10.0,60,61,52,16,16,10,22.0,38,0.42105263157894735,0.5791439688715954
2016,Manchester City,47,21,19,12,2,5,38,13.0,20,24,19,7,7,5,28,10.5,66,67,45,19,9,10,23.5,38,0.5,0.6891311022413263
2016,Manchester Utd,27,9,19,12,5,2,41,14.5,26,22,19,7,4,8,25,9.0,66,53,31,19,12,10,23.5,38,0.5,0.7450928381962865
2016,Newcastle Utd,32,24,19,7,7,5,28,10.5,41,12,19,2,3,14,9,3.5,37,73,36,9,9,19,14.0,38,0.23684210526315788,0.804377358490566
2016,Norwich City,26,30,19,6,5,8,23,8.5,37,13,19,3,2,14,11,4.0,34,63,43,9,8,22,12.5,38,0.23684210526315788,0.682193193537298
2016,Southampton,39,22,19,11,3,5,36,12.5,19,20,19,7,6,6,27,10.0,63,58,42,18,10,11,22.5,38,0.47368421052631576,0.65600624024961
2016,Stoke City,22,24,19,8,4,7,28,10.0,31,19,19,6,5,8,23,8.5,51,53,43,14,10,15,18.5,38,0.3684210526315789,0.603048518677544
2016,Sunderland,23,20,19,6,6,7,24,9.0,42,25,19,3,6,10,15,6.0,39,65,45,9,9,17,15.0,38,0.23684210526315788,0.676
2016,Swansea City,20,20,19,8,6,5,30,11.0,32,22,19,4,5,10,17,6.5,47,52,42,12,10,15,17.5,38,0.3157894736842105,0.6051924798567592
2016,Tottenham,35,15,19,10,6,3,36,13.0,20,34,19,9,7,3,34,12.5,70,55,49,19,15,6,25.5,38,0.5,0.5575009214891264
2016,Watford,20,19,19,6,6,7,24,9.0,31,20,19,6,3,10,21,7.5,45,51,39,12,12,17,16.5,38,0.3157894736842105,0.631004366812227
2016,West Brom,20,26,19,6,5,8,23,8.5,22,14,19,4,8,7,20,8.0,43,42,40,10,9,15,16.5,38,0.2631578947368421,0.5243757431629013
2016,West Ham,34,26,19,9,7,3,34,12.5,25,31,19,7,7,5,28,10.5,62,59,57,16,14,8,23.0,38,0.42105263157894735,0.5172362555720654
2017,Arsenal,39,16,19,14,3,2,45,15.5,22,36,17,9,3,5,30,10.5,75,61,52,23,12,7,26.0,36,0.6388888888888888,0.5791439688715954
2017,Bournemouth,35,29,19,9,4,6,31,11.0,38,20,19,3,6,10,15,6.0,46,73,49,12,7,16,17.0,38,0.3157894736842105,0.689391979301423
2017,Burnley,26,20,19,10,3,6,33,11.5,30,10,16,1,3,12,6,2.5,39,56,30,11,4,18,14.0,35,0.3142857142857143,0.7770069375619425
2017,Chelsea,55,17,19,17,0,2,51,17.0,14,26,17,11,3,3,36,12.5,87,69,43,28,11,5,29.5,36,0.7777777777777778,0.7202723146747353
2017,Crystal Palace,24,25,19,6,2,11,20,7.0,38,26,19,6,3,10,21,7.5,41,62,51,12,8,21,14.5,38,0.3157894736842105,0.5964313421256788
2017,Everton,42,16,19,13,4,2,43,15.0,28,20,19,4,6,9,18,7.0,61,70,36,17,8,11,22.0,38,0.4473684210526316,0.7908327953518399
2017,Hull City,28,35,19,8,4,7,28,10.0,45,9,19,1,3,15,6,2.5,34,73,44,9,5,22,12.5,38,0.23684210526315788,0.7335168616655197
2017,Leicester City,31,25,19,10,4,5,34,12.0,38,17,19,2,4,13,10,4.0,44,69,42,12,6,18,16.0,38,0.3157894736842105,0.7296551724137931
2017,Liverpool,45,18,19,12,5,2,41,14.5,18,28,16,9,4,3,31,11.0,72,63,46,21,14,5,25.5,35,0.6,0.6522596548890714
2017,Manchester City,37,17,19,11,7,1,40,14.5,22,43,19,12,2,5,38,13.0,78,59,60,23,19,6,27.5,38,0.6052631578947368,0.4915972320293744
2017,Manchester Utd,26,12,19,8,10,1,34,13.0,17,28,19,10,5,4,35,12.5,69,43,40,18,20,5,25.5,38,0.47368421052631576,0.5360974195418962
2017,Middlesbrough,17,23,19,4,6,9,18,7.0,30,10,19,1,7,11,10,4.5,28,47,33,5,7,20,11.5,38,0.13157894736842105,0.6697998787143723
2017,Southampton,17,21,19,6,6,7,24,9.0,22,19,17,5,4,8,19,7.0,43,39,40,11,11,15,16.0,36,0.3055555555555556,0.487343800064082
2017,Stoke City,24,24,19,7,6,6,27,10.0,32,17,19,4,5,10,17,6.5,44,56,41,11,10,16,16.5,38,0.2894736842105263,0.651027610545983
2017,Sunderland,16,32,17,3,4,10,13,5.0,35,13,19,3,1,15,10,3.5,23,51,45,6,7,25,8.5,36,0.16666666666666666,0.5622568093385214
2017,Swansea City,27,34,19,8,3,8,27,9.5,36,18,19,4,2,13,14,5.0,41,63,52,12,7,21,14.5,38,0.3157894736842105,0.5947849542934213
2017,Tottenham,42,6,17,15,2,0,47,16.0,17,39,19,9,6,4,33,12.0,80,59,45,24,11,4,28.0,36,0.6666666666666666,0.6322193970214312
2017,Watford,25,29,19,8,4,7,28,10.0,39,15,19,3,3,13,12,4.5,40,64,44,11,7,20,14.5,38,0.2894736842105263,0.6790450928381963
2017,West Brom,27,22,19,9,2,8,29,10.0,29,16,19,3,7,9,16,6.5,45,56,38,12,5,17,16.5,38,0.3157894736842105,0.6847161572052402
2017,West Ham,19,31,19,7,4,8,25,9.0,33,28,19,5,5,9,20,7.5,45,52,59,12,9,17,16.5,38,0.3157894736842105,0.4371867421180275
2018,Arsenal,54,20,19,15,2,2,47,16.0,31,20,19,4,4,11,16,6.0,63,85,40,19,6,13,22.0,38,0.5,0.8186968838526912
2018,Bournemouth,26,30,19,7,5,7,26,9.5,31,19,19,4,6,9,18,7.0,44,57,49,11,9,16,16.5,38,0.2894736842105263,0.5750442477876107
2018,Brighton,24,25,19,7,8,4,29,11.0,29,10,19,2,5,12,11,4.5,40,53,35,9,10,16,15.5,38,0.23684210526315788,0.6963311849281111
2018,Burnley,16,17,19,7,5,7,26,9.5,22,20,19,7,7,5,28,10.5,54,38,37,14,12,12,20.0,38,0.3684210526315789,0.5133309633842872
2018,Chelsea,30,16,19,11,4,4,37,13.0,22,32,19,10,3,6,33,11.5,70,52,48,21,14,10,24.5,38,0.5526315789473685,0.5399361022364217
2018,Crystal Palace,29,27,19,7,5,7,26,9.5,28,16,19,4,6,9,18,7.0,44,57,43,11,9,16,16.5,38,0.2894736842105263,0.6373087485288348
2018,Everton,28,22,19,10,4,5,34,12.0,36,16,19,3,6,10,15,6.0,49,64,38,13,7,15,18.0,38,0.34210526315789475,0.7393501805054151
2018,Huddersfield,16,25,19,6,5,8,23,8.5,33,12,19,3,5,11,14,5.5,37,49,37,9,8,19,14.0,38,0.23684210526315788,0.636870026525199
2018,Leicester City,25,22,19,7,6,6,27,10.0,38,31,19,5,5,9,20,7.5,47,63,53,12,11,15,17.5,38,0.3157894736842105,0.5855709648863971
2018,Liverpool,45,10,19,12,7,0,43,15.5,28,39,19,9,5,5,32,11.5,75,73,49,21,16,5,27.0,38,0.5526315789473685,0.689391979301423
2018,Manchester City,61,14,19,16,2,1,50,17.0,13,45,19,16,2,1,50,17.0,100,74,59,32,18,2,34.0,38,0.8421052631578947,0.6113654125265156
2018,Manchester Utd,38,9,19,15,2,2,47,16.0,19,30,19,10,4,5,34,12.0,81,57,39,25,12,7,28.0,38,0.6578947368421053,0.6811320754716981
2018,Newcastle Utd,21,17,19,8,4,7,28,10.0,30,18,19,4,4,11,16,6.0,44,51,35,12,8,18,16.0,38,0.3157894736842105,0.6798222686879247
2018,Southampton,20,26,19,4,7,8,19,7.5,30,17,19,3,8,8,17,7.0,36,50,43,7,10,16,14.5,38,0.18421052631578946,0.5748447919061853
2018,Stoke City,20,30,19,5,5,9,20,7.5,38,15,19,2,7,10,13,5.5,33,58,45,7,7,19,13.0,38,0.18421052631578946,0.62423455186491
2018,Swansea City,17,24,19,6,3,10,21,7.5,32,11,19,2,6,11,12,5.0,33,49,35,8,5,21,12.5,38,0.21052631578947367,0.6621621621621622
2018,Tottenham,40,16,19,13,4,2,43,15.0,20,34,19,10,4,5,34,12.0,77,60,50,23,14,7,27.0,38,0.6052631578947368,0.5901639344262295
2018,Watford,27,31,19,7,6,6,27,10.0,33,17,19,4,2,13,14,5.0,41,60,48,11,10,19,15.0,38,0.2894736842105263,0.6097560975609756
2018,West Brom,21,29,19,3,9,7,18,7.5,27,10,19,3,4,12,13,5.0,31,48,39,6,12,19,12.5,38,0.15789473684210525,0.6023529411764705
2018,West Ham,24,26,19,7,6,6,27,10.0,32,22,16,3,6,7,15,6.0,42,56,48,10,9,13,16.0,35,0.2857142857142857,0.5764705882352941
2019,Arsenal,42,16,19,14,3,2,45,15.5,35,31,19,7,4,8,25,9.0,70,77,47,21,10,10,24.5,38,0.5526315789473685,0.7285573851069058
2019,Bournemouth,30,25,19,8,5,6,29,10.5,45,26,19,5,1,13,16,5.5,45,75,51,13,10,19,16.0,38,0.34210526315789475,0.6838074398249453
2019,Brighton,19,28,19,6,5,8,23,8.5,32,16,19,3,4,12,13,5.0,36,51,44,9,8,20,13.5,38,0.23684210526315788,0.5732863125413269
2019,Burnley,24,32,19,7,2,10,23,8.0,36,21,19,4,5,10,17,6.5,40,60,53,11,6,20,14.5,38,0.2894736842105263,0.561710095178655
2019,Cardiff City,21,38,19,6,2,11,20,7.0,31,13,19,4,2,13,14,5.0,34,52,51,10,6,24,12.0,38,0.2631578947368421,0.5097078228086711
2019,Chelsea,39,12,19,12,6,1,42,15.0,27,24,19,9,3,7,30,10.5,72,66,36,21,15,8,25.5,38,0.5526315789473685,0.7707006369426752
2019,Crystal Palace,19,23,19,5,5,9,20,7.5,30,32,19,9,2,8,29,10.0,49,49,55,14,14,17,17.5,38,0.3684210526315789,0.44249907851087356
2019,Everton,30,21,19,10,4,5,34,12.0,25,24,19,5,5,9,20,7.5,54,55,45,15,9,14,19.5,38,0.39473684210526316,0.599009900990099
2019,Fulham,22,36,19,6,3,10,21,7.5,45,12,19,1,2,16,5,2.0,26,67,48,7,4,26,9.5,38,0.18421052631578946,0.660827322243486
2019,Huddersfield,10,31,19,2,3,14,9,3.5,45,12,19,1,4,14,7,3.0,16,55,43,3,4,28,6.5,38,0.07894736842105263,0.6206401313089864
2019,Leicester City,24,20,19,8,3,8,27,9.5,28,27,19,7,4,8,25,9.0,52,52,47,15,10,16,18.5,38,0.39473684210526316,0.550376552004885
2019,Liverpool,55,10,19,17,2,0,53,18.0,12,34,19,13,5,1,44,15.5,97,67,44,30,15,1,33.5,38,0.7894736842105263,0.6986770428015564
2019,Manchester City,57,12,19,18,0,1,54,18.0,11,38,19,14,2,3,44,15.0,98,68,50,32,14,4,33.0,38,0.8421052631578947,0.6490735541830432
2019,Manchester Utd,33,25,19,10,6,3,36,13.0,29,32,19,9,3,7,30,10.5,66,62,57,19,15,10,23.5,38,0.5,0.5419427604680671
2019,Newcastle Utd,24,25,19,8,1,10,25,8.5,23,18,19,4,8,7,20,8.0,45,47,43,12,5,17,16.5,38,0.3157894736842105,0.5443568260226712
2019,Southampton,27,30,19,5,8,6,23,9.0,35,18,19,4,4,11,16,6.0,39,62,48,9,12,17,15.0,38,0.23684210526315788,0.6252439817826936
2019,Tottenham,34,16,19,12,2,5,38,13.0,23,33,19,11,0,8,33,11.0,71,57,49,23,13,13,24.0,38,0.6052631578947368,0.5750442477876107
2019,Watford,26,28,19,8,3,8,27,9.5,31,26,19,6,5,8,23,8.5,50,57,54,14,9,16,18.0,38,0.3684210526315789,0.527007299270073
2019,West Ham,32,27,19,9,4,6,31,11.0,28,20,19,6,3,10,21,7.5,52,60,47,15,10,16,18.5,38,0.39473684210526316,0.6197280082630401
2019,Wolves,28,21,19,10,4,5,34,12.0,25,19,19,6,5,8,23,8.5,57,53,40,16,10,13,20.5,38,0.42105263157894735,0.6371059197096848
2020,Arsenal,35,24,18,9,6,3,33,12.0,19,17,16,3,8,5,17,7.0,50,54,41,12,9,8,19.0,34,0.35294117647058826,0.6343267348270611
2020,Aston Villa,22,30,19,7,3,9,24,8.5,33,19,18,2,5,11,11,4.5,35,55,49,9,5,20,13.0,37,0.24324324324324326,0.5575009214891264
2020,Bournemouth,22,30,19,5,6,8,21,8.0,33,17,18,4,1,13,13,4.5,34,55,47,9,10,21,12.5,37,0.24324324324324326,0.5779518532670997
2020,Brighton,20,27,19,5,7,7,22,8.5,27,19,18,4,6,8,18,7.0,40,47,46,9,11,15,15.5,37,0.24324324324324326,0.5107514450867052
2020,Burnley,23,22,18,8,3,7,27,9.5,27,19,19,7,5,7,26,9.5,53,50,41,15,10,14,19.0,37,0.40540540540540543,0.597943075819182
2020,Chelsea,26,16,18,10,3,5,33,11.5,38,39,19,9,3,7,30,10.5,63,64,55,19,12,12,22.0,37,0.5135135135135135,0.575200112343772
2020,Crystal Palace,14,20,18,5,5,8,20,7.5,30,16,19,5,5,9,20,7.5,40,44,36,10,10,17,15.0,37,0.2702702702702703,0.599009900990099
2020,Everton,24,21,19,8,7,4,31,11.5,35,20,19,5,3,11,18,6.5,49,59,41,13,12,15,18.0,38,0.34210526315789475,0.6743510267338241
2020,Leicester City,31,17,18,10,4,4,34,12.0,24,32,19,7,4,8,25,9.0,59,55,49,17,11,12,21.0,37,0.4594594594594595,0.5575009214891264
2020,Liverpool,50,15,18,17,1,0,52,17.5,17,33,19,14,2,3,44,15.0,96,67,48,31,15,3,32.5,37,0.8378378378378378,0.660827322243486
2020,Manchester City,57,13,19,15,2,2,47,16.0,20,45,18,11,1,6,34,11.5,81,77,58,26,13,8,27.5,37,0.7027027027027027,0.6380071021198752
2020,Manchester Utd,40,17,19,10,7,2,37,13.5,19,26,19,8,5,6,29,10.5,66,59,43,18,15,8,24.0,38,0.47368421052631576,0.6530956848030018
2020,Newcastle Utd,16,20,17,5,7,5,22,8.5,37,17,18,4,3,11,15,5.5,37,53,37,9,11,16,14.0,35,0.2571428571428571,0.6723312589755864
2020,Norwich City,19,33,17,4,3,10,15,5.5,37,7,18,1,3,14,6,2.5,21,56,40,5,4,24,8.0,35,0.14285714285714285,0.6621621621621622
2020,Sheffield Utd,23,15,18,9,3,6,30,10.5,18,15,16,4,8,4,20,8.0,50,41,30,13,7,10,18.5,34,0.38235294117647056,0.6512979465323518
2020,Southampton,21,34,18,6,3,9,21,7.5,25,30,19,9,4,6,31,11.0,52,46,64,15,12,15,18.5,37,0.40540540540540543,0.3406310367031552
2020,Tottenham,33,16,17,11,2,4,35,12.0,30,25,19,4,8,7,20,8.0,55,63,41,15,6,11,20.0,36,0.4166666666666667,0.7024778761061947
2020,Watford,22,27,19,6,6,7,24,9.0,36,14,18,2,4,12,10,4.0,34,58,41,8,8,19,13.0,37,0.21621621621621623,0.666798810703667
2020,West Ham,30,33,19,6,4,9,22,8.0,28,19,18,4,5,9,17,6.5,39,58,52,10,8,18,14.5,37,0.2702702702702703,0.5543836519446276
2020,Wolves,27,19,19,8,7,4,31,11.5,21,24,19,7,7,5,28,10.5,59,48,43,15,14,9,22.0,38,0.39473684210526316,0.5547796773416808
2021,Arsenal,24,21,19,8,4,7,28,10.0,18,31,19,10,3,6,33,11.5,61,42,52,18,14,13,21.5,38,0.47368421052631576,0.39480752014324083
2021,Aston Villa,29,27,19,7,4,8,25,9.0,19,26,19,9,3,7,30,10.5,55,48,53,16,13,15,19.5,38,0.42105263157894735,0.4506160766673186
2021,Brighton,22,22,19,4,9,6,21,8.5,24,18,19,5,5,9,20,7.5,41,46,40,9,14,15,16.0,38,0.23684210526315788,0.5694294940796556
2021,Burnley,14,27,19,4,6,9,18,7.0,28,19,19,6,3,10,21,7.5,39,42,46,10,12,19,14.5,38,0.2631578947368421,0.45463917525773195
2021,Chelsea,31,18,19,9,6,4,33,12.0,18,27,19,10,4,5,34,12.0,67,49,45,19,16,9,24.0,38,0.5,0.5424762765476728
2021,Crystal Palace,20,32,19,6,5,8,23,8.5,34,21,19,6,3,10,21,7.5,44,54,53,12,11,18,16.0,38,0.3157894736842105,0.5093449781659388
2021,Everton,24,28,19,6,4,9,22,8.0,20,23,19,11,4,4,37,13.0,59,44,51,17,15,13,21.0,38,0.4473684210526316,0.4267136874586731
2021,Fulham,9,28,19,2,4,13,10,4.0,25,18,19,3,9,7,18,7.5,28,34,46,5,7,20,11.5,38,0.13157894736842105,0.3533007334963325
2021,Leeds United,28,21,19,8,5,6,29,10.5,33,34,19,10,0,9,30,10.0,59,61,55,18,15,15,20.5,38,0.47368421052631576,0.551586125111177
2021,Leicester City,34,30,19,9,1,9,28,9.5,20,34,19,11,5,3,38,13.5,66,54,64,20,12,12,23.0,38,0.5263157894736842,0.41585852823730746
2021,Liverpool,29,20,19,10,3,6,33,11.5,22,39,19,10,6,3,36,13.0,69,51,59,20,13,9,24.5,38,0.5263157894736842,0.4276553765208813
2021,Manchester City,43,17,19,13,2,4,41,14.0,15,40,19,14,3,2,45,15.5,86,58,57,27,16,6,29.5,38,0.7105263157894737,0.5086949947073945
2021,Manchester Utd,38,28,19,9,4,6,31,11.0,16,35,19,12,7,0,43,15.5,74,54,63,21,16,6,26.5,38,0.5526315789473685,0.4235294117647059
2021,Newcastle Utd,26,33,19,6,5,8,23,8.5,29,20,19,6,4,9,22,8.0,45,55,53,12,11,17,16.5,38,0.3157894736842105,0.51851217003771
2021,Sheffield Utd,12,27,19,5,1,13,16,5.5,36,8,19,2,1,16,7,2.5,23,48,35,7,3,29,8.0,38,0.18421052631578946,0.6528761688863701
2021,Southampton,28,25,19,8,3,8,27,9.5,43,19,19,4,4,11,16,6.0,43,71,44,12,7,19,15.5,38,0.3157894736842105,0.7225168410491616
2021,Tottenham,35,20,19,10,3,6,33,11.5,25,33,19,8,5,6,29,10.5,62,60,53,18,11,12,22.0,38,0.47368421052631576,0.561710095178655
2021,West Brom,15,39,19,3,6,10,15,6.0,37,20,19,2,5,12,11,4.5,26,52,59,5,8,22,10.5,38,0.13157894736842105,0.4371867421180275
2021,West Ham,32,22,19,10,4,5,34,12.0,25,30,19,9,4,6,31,11.0,65,57,52,19,13,11,23.0,38,0.5,0.545775239375105
2021,Wolves,21,25,19,7,4,8,25,9.0,27,15,19,5,5,9,20,7.5,45,48,40,12,9,17,16.5,38,0.3157894736842105,0.5901639344262295
2022,Arsenal,34,15,17,13,1,3,40,13.5,31,26,19,9,1,9,28,9.5,68,65,41,22,10,12,23.0,36,0.6111111111111112,0.7153741957331528
2022,Aston Villa,29,29,19,6,5,8,23,8.5,25,23,19,7,1,11,22,7.5,45,54,52,13,12,19,16.0,38,0.34210526315789475,0.5188612099644128
2022,Brentford,22,21,19,7,3,9,24,8.5,35,26,19,6,4,9,22,8.0,46,57,47,13,9,18,16.5,38,0.34210526315789475,0.5952729937706119
2022,Brighton,19,23,19,5,7,7,22,8.5,21,23,19,7,8,4,29,11.0,51,40,46,12,14,11,19.5,38,0.3157894736842105,0.43057050592034446
2022,Burnley,18,25,19,5,6,8,21,8.0,25,15,17,2,7,8,13,5.5,34,43,40,7,8,16,13.5,36,0.19444444444444445,0.5360974195418962
2022,Chelsea,37,22,19,9,7,3,34,12.5,11,38,18,11,4,3,37,13.0,71,48,60,20,18,6,25.5,37,0.5405405405405406,0.3902439024390244
2022,Crystal Palace,27,17,19,7,8,4,29,11.0,29,23,19,4,7,8,19,7.5,48,56,40,11,12,12,18.5,38,0.2894736842105263,0.6621621621621622
2022,Everton,27,25,19,9,2,8,29,10.0,41,16,19,2,4,13,10,4.0,39,68,41,11,4,21,14.0,38,0.2894736842105263,0.7333862014274385
2022,Leeds United,19,38,19,4,6,9,18,7.0,41,23,19,5,5,9,20,7.5,38,60,61,9,11,18,14.5,38,0.23684210526315788,0.491736101625461
2022,Leicester City,31,19,17,10,3,4,33,11.5,36,28,19,4,6,9,18,7.0,51,67,47,14,7,13,18.5,36,0.3888888888888889,0.6702000597193192
2022,Liverpool,49,9,19,15,4,0,49,17.0,17,45,19,13,4,2,43,15.0,92,66,54,28,17,2,32.0,38,0.7368421052631579,0.599009900990099
2022,Manchester City,58,15,19,15,2,2,47,16.0,11,41,19,14,4,1,46,16.0,93,69,56,29,16,3,32.0,38,0.7631578947368421,0.6028871723439281
2022,Manchester Utd,32,22,19,10,5,4,35,12.5,35,25,19,6,5,8,23,8.5,58,67,47,16,11,12,21.0,38,0.42105263157894735,0.6702000597193192
2022,Newcastle Utd,26,27,19,8,6,5,30,11.0,35,18,19,5,4,10,19,7.0,49,61,45,13,11,15,18.0,38,0.34210526315789475,0.6475809258614689
2022,Norwich City,12,43,19,3,3,13,12,4.5,41,11,19,2,4,13,10,4.0,22,53,54,5,5,26,8.5,38,0.13157894736842105,0.4906550218340611
2022,Southampton,23,24,19,6,7,6,25,9.5,43,20,19,3,6,10,15,6.0,40,66,44,9,10,16,15.5,38,0.23684210526315788,0.6923076923076923
2022,Tottenham,38,19,19,13,1,5,40,13.5,17,27,16,7,4,5,25,9.0,65,55,46,20,8,10,22.5,35,0.5714285714285714,0.5884069247228165
2022,Watford,17,46,19,2,2,15,8,3.0,31,17,19,4,3,12,15,5.5,23,48,63,6,6,27,8.5,38,0.15789473684210525,0.3672883787661406
2022,West Ham,33,26,19,9,5,5,32,11.5,25,27,19,7,3,9,24,8.5,56,58,53,16,12,14,20.0,38,0.42105263157894735,0.5449538312003888
2022,Wolves,20,25,19,7,3,9,24,8.5,18,18,19,8,3,8,27,9.5,51,38,43,15,11,17,18.0,38,0.39473684210526316,0.4385059216519891
